           1   0.0488429   0.0488429           0
           2   0.0487111    0.048777 6.58678e-05
           3   0.0491924   0.0489155 0.000143607
           4   0.0492697    0.049004 0.000134727
           5   0.0495074   0.0491047  0.00014501
           6   0.0493518   0.0491459 0.000125355
           7   0.0490476   0.0491318 0.000106871
           8   0.0485937   0.0490646 0.000114414
           9   0.0493748   0.0490991  0.00010663
          10   0.0486151   0.0490507 0.000106949
          11   0.0494662   0.0490884 0.000103854
          12   0.0482667     0.04902 0.000116948
          13   0.0493756   0.0490473 0.000111001
          14   0.0490168   0.0490451  0.00010279
          15   0.0483829    0.049001 0.000105387
          16   0.0494778   0.0490308 0.000102987
          17    0.049228   0.0490424 9.74323e-05
          18   0.0490492   0.0490428 9.18608e-05
          19   0.0488612   0.0490332 8.74155e-05
          20   0.0496808   0.0490656 8.90269e-05
          21   0.0490753   0.0490661 8.46827e-05
          22   0.0483489   0.0490335 8.70736e-05
          23   0.0495479   0.0490558 8.61555e-05
          24   0.0498055   0.0490871 8.82045e-05
          25   0.0499859    0.049123 9.19261e-05
          26   0.0490808   0.0491214 8.83347e-05
          27     0.04879   0.0491091 8.58817e-05
          28   0.0491791   0.0491116 8.27954e-05
          29   0.0485094   0.0490909 8.25439e-05
          30   0.0492339   0.0490956 7.98873e-05
          31   0.0486957   0.0490827 7.83367e-05
          32   0.0495794   0.0490982 7.74212e-05
          33   0.0498767   0.0491218 7.86594e-05
          34    0.048163   0.0490936 8.13555e-05
          35   0.0486853    0.049082 7.98539e-05
          36   0.0492933   0.0490878 7.78258e-05
          37   0.0490041   0.0490856 7.57271e-05
          38   0.0486961   0.0490753 7.44164e-05
          39   0.0485515   0.0490619  7.3717e-05
          40   0.0482617   0.0490419 7.45836e-05
          41   0.0491486   0.0490445 7.27883e-05
          42   0.0493774   0.0490524  7.1475e-05
          43   0.0495336   0.0490636 7.06842e-05
          44   0.0492906   0.0490688 6.92515e-05
          45   0.0496061   0.0490807   6.874e-05
          46   0.0498158   0.0490967 6.91021e-05
          47   0.0489702    0.049094 6.76694e-05
          48   0.0487075   0.0490859 6.67321e-05
          49    0.048267   0.0490692 6.74593e-05
          50   0.0489948   0.0490677 6.61131e-05
