           1   -0.408588   -0.408588           0
           2   -0.415435   -0.412012  0.00342345
           3   -0.416011   -0.413345    0.002384
           4    -0.41992   -0.414989  0.00235461
           5   -0.404608   -0.412913  0.00276343
           6   -0.414619   -0.413197  0.00227418
           7    -0.42101   -0.414313  0.00222263
           8   -0.402701   -0.412862  0.00241077
           9     -0.4201   -0.413666  0.00227313
          10   -0.416062   -0.413906  0.00204721
          11   -0.408256   -0.413392  0.00192167
          12   -0.421797   -0.414092   0.0018889
          13   -0.410311   -0.413802  0.00176171
          14   -0.402581      -0.413   0.0018173
          15   -0.426437   -0.413896  0.00191435
          16   -0.405485    -0.41337  0.00186628
          17   -0.409076   -0.413118  0.00177117
          18   -0.417101   -0.413339  0.00168447
          19   -0.416661   -0.413514  0.00160292
          20   -0.411045    -0.41339  0.00152566
          21   -0.415896    -0.41351  0.00145609
          22   -0.410687   -0.413381  0.00139424
          23   -0.412775   -0.413355  0.00133251
          24   -0.405778   -0.413039  0.00131426
          25   -0.404156   -0.412684  0.00130972
          26    -0.40557    -0.41241  0.00128774
          27   -0.404216   -0.412107  0.00127575
          28   -0.421303   -0.412435  0.00127246
          29   -0.411163   -0.412391  0.00122858
          30   -0.407734   -0.412236  0.00119703
          31   -0.414381   -0.412305  0.00115984
          32   -0.408992   -0.412202  0.00112777
          33   -0.411666   -0.412186  0.00109319
          34    -0.41856   -0.412373  0.00107699
          35   -0.414826   -0.412443  0.00104812
          36   -0.423999   -0.412764  0.00106797
          37   -0.416378   -0.412862  0.00104328
          38   -0.430024   -0.413313  0.00111136
          39     -0.4055   -0.413113  0.00110087
          40   -0.413518   -0.413123  0.00107305
          41   -0.415205   -0.413174  0.00104778
          42   -0.416649   -0.413257  0.00102587
          43   -0.411092   -0.413206  0.00100299
          44   -0.414261    -0.41323 0.000980224
          45   -0.416098   -0.413294 0.000960312
          46   -0.422202   -0.413488 0.000958958
          47   -0.419338   -0.413612 0.000946552
          48   -0.414891   -0.413639 0.000927005
          49   -0.416105   -0.413689 0.000909283
          50   -0.416903   -0.413753 0.000893228
