          50           0           0           0           0
          50    0.064633           0           0           0
          50    0.129266           0           0           0
          50    0.193899           0           0           0
          50    0.258532           0           0           0
          50    0.323165           0           0           0
          50    0.387798           0           0           0
          50    0.452431           0           0           0
          50    0.517064           0           0           0
          50    0.581697           0           0           0
          50     0.64633           0           0           0
          50    0.710963           0           0           0
          50    0.775596           0           0           0
          50     0.84023  0.00239473 0.000862103 0.000160607
          50    0.904863    0.131822    0.145959  0.00214119
          50    0.969496     1.11643      1.0749  0.00707613
          50     1.03413      2.0266       2.028   0.0101939
          50     1.09876     2.32336     2.26556   0.0142359
          50     1.16339     2.08286      2.0849  0.00967062
          50     1.22803     1.82998     1.82892   0.0087396
          50     1.29266     1.66726     1.61331  0.00872555
          50     1.35729     1.46716     1.45177  0.00590487
          50     1.42193     1.35303     1.33365  0.00471439
          50     1.48656     1.24667     1.24423  0.00464489
          50     1.55119     1.16045     1.19601  0.00452882
          50     1.61583     1.12629     1.14206  0.00366003
          50     1.68046     1.11781     1.11109  0.00420369
          50     1.74509     1.08217     1.09167  0.00347363
          50     1.80973     1.09706     1.07153  0.00321583
          50     1.87436     1.05305     1.06297  0.00349975
          50     1.93899     1.07431     1.06556  0.00304422
          50     2.00362     1.05295     1.05942  0.00380232
          50     2.06826     1.04578     1.05817  0.00281982
          50     2.13289     1.07454     1.05197  0.00297139
          50     2.19752     1.05131     1.04659  0.00313703
          50     2.26216     1.06619     1.04161  0.00285099
          50     2.32679     1.04036      1.0351   0.0026843
          50     2.39142     1.05874     1.02981  0.00304422
          50     2.45606     1.03804     1.02543  0.00256145
          50     2.52069     1.02392     1.02101  0.00236992
          50     2.58532     1.00127     1.01453  0.00220535
          50     2.64995     1.02306     1.01236  0.00250563
          50     2.71459     1.00619     1.00762   0.0021052
          50     2.77922     1.01018     1.00838   0.0019979
          50     2.84385     1.01105     1.00709  0.00200424
          50     2.90849     1.01117     1.00451  0.00223413
          50     2.97312    0.987638     1.00206   0.0023311
          50     3.03775     1.02274    0.997881  0.00166601
          50     3.10239    0.971997     1.00124  0.00210763
          50     3.16702    0.996293    0.995778  0.00180659
          50     3.23165    0.990356    0.998633  0.00206733
          50     3.29629    0.988899    0.994493  0.00163163
          50     3.36092    0.981052    0.994309  0.00164385
          50     3.42555     1.00887    0.991157  0.00196669
          50     3.49018    0.990119    0.992391  0.00135518
          50     3.55482    0.986088    0.989029  0.00138682
          50     3.61945    0.982951    0.992818  0.00161028
          50     3.68408    0.969859    0.988983  0.00159899
          50     3.74872    0.994909    0.988881  0.00158322
          50     3.81335     0.99548    0.991535  0.00169889
          50     3.87798    0.990341    0.989758  0.00132915
          50     3.94262    0.993665    0.989734  0.00141228
          50     4.00725     1.00152    0.989707  0.00142242
          50     4.07188    0.984793     0.98846  0.00125516
          50     4.13651    0.996265    0.989133  0.00137188
          50     4.20115    0.994371    0.988275  0.00128858
          50     4.26578     0.99984    0.987729  0.00151474
          50     4.33041    0.985672    0.989053  0.00139752
          50     4.39505    0.978506     0.98866  0.00128508
          50     4.45968    0.983229    0.986885  0.00113778
          50     4.52431    0.994934    0.985867   0.0013079
          50     4.58895     1.00625    0.986847  0.00113924
          50     4.65358    0.971909    0.985068  0.00135431
          50     4.71821    0.986014    0.986909  0.00122499
          50     4.78285    0.979468    0.987837  0.00108295
          50     4.84748    0.982227    0.987184  0.00127201
          50     4.91211    0.986262    0.986245  0.00104023
          50     4.97674    0.979912    0.986302  0.00124812
          50     5.04138    0.991809    0.986353  0.00116998
          50     5.10601    0.987222    0.985091  0.00104907
          50     5.17064    0.983701      0.9873  0.00105968
          50     5.23528    0.982816    0.984645  0.00112605
          50     5.29991      1.0008    0.987537 0.000942338
          50     5.36454     1.00472    0.986965  0.00121836
          50     5.42918    0.980863    0.988114 0.000980833
          50     5.49381     0.98078    0.985593 0.000984802
          50     5.55844    0.977288    0.985169 0.000869924
          50     5.62307    0.983108    0.986619 0.000872134
          50     5.68771    0.985462    0.985755 0.000898933
          50     5.75234    0.991827    0.985052 0.000944121
          50     5.81697    0.982291    0.986007  0.00114439
          50     5.88161    0.978383    0.985521 0.000939017
          50     5.94624    0.995004    0.987292 0.000870209
          50     6.01087    0.978704    0.986618 0.000943782
          50     6.07551    0.989491    0.985049 0.000869678
          50     6.14014    0.976681    0.985405 0.000885251
          50     6.20477    0.983059    0.985099 0.000764338
          50      6.2694    0.983506    0.985727 0.000792972
          50     6.33404    0.978849    0.985609 0.000863449
          50     6.39867    0.986595    0.986221  0.00105977
