          50           0           0           0           0
          50   0.0256496           0           0           0
          50   0.0512993           0           0           0
          50   0.0769489           0           0           0
          50    0.102599           0           0           0
          50    0.128248           0           0           0
          50    0.153898           0           0           0
          50    0.179547           0           0           0
          50    0.205197           0           0           0
          50    0.230847           0           0           0
          50    0.256496           0           0           0
          50    0.282146           0           0           0
          50    0.307796           0           0           0
          50    0.333445           0           0           0
          50    0.359095           0           0           0
          50    0.384745           0           0           0
          50    0.410394           0           0           0
          50    0.436044           0           0           0
          50    0.461694           0           0           0
          50    0.487343           0           0           0
          50    0.512993           0           0           0
          50    0.538642           0           0           0
          50    0.564292           0           0           0
          50    0.589942           0           0           0
          50    0.615591           0           0           0
          50    0.641241           0           0           0
          50    0.666891           0           0           0
          50     0.69254           0           0           0
          50     0.71819           0           0           0
          50     0.74384           0           0           0
          50    0.769489           0           0           0
          50    0.795139           0           0           0
          50    0.820788           0           0           0
          50    0.846438           0 1.16714e-05 1.16714e-05
          50    0.872088 0.000917052  0.00132789 9.20504e-05
          50    0.897737   0.0195743   0.0244176 0.000424597
          50    0.923387    0.146657    0.165495  0.00162076
          50    0.949037     0.52673    0.559914  0.00298448
          50    0.974686     1.20446     1.19976  0.00396855
          50     1.00034     1.82566     1.86698  0.00608409
          50     1.02599     2.31997     2.34496  0.00424547
          50     1.05164     2.54555     2.55895   0.0045783
          50     1.07728     2.59228     2.55299  0.00403677
          50     1.10293     2.47839     2.40981  0.00362425
          50     1.12858     2.22373     2.20297  0.00358193
          50     1.15423     2.04323     1.97492  0.00453282
          50     1.17988     1.82161     1.75281  0.00384355
          50     1.20553     1.61238     1.55481   0.0046229
          50     1.23118     1.42871     1.39033  0.00369702
          50     1.25683      1.2602     1.24384  0.00339832
          50     1.28248     1.12039     1.12517  0.00311853
          50     1.30813     1.02174     1.02207  0.00280124
          50     1.33378    0.913568    0.935248  0.00243212
          50     1.35943    0.852125    0.867988  0.00210279
          50     1.38508    0.774323    0.815383  0.00210298
          50     1.41073    0.756098    0.771436  0.00196916
          50     1.43638    0.713226    0.734833  0.00174873
          50     1.46203    0.689955    0.711729  0.00173241
          50     1.48768      0.6644    0.691629  0.00209343
          50     1.51333    0.636089    0.678219  0.00211744
          50     1.53898    0.645654    0.674392  0.00206025
          50     1.56463    0.642433    0.669616  0.00213537
          50     1.59028    0.643837    0.673967  0.00206039
          50     1.61593    0.675533    0.684295  0.00225641
          50     1.64158    0.695313    0.701135  0.00189588
          50     1.66723    0.708898    0.721502   0.0022431
          50     1.69288    0.760506    0.748182  0.00249383
          50     1.71853    0.776521    0.779995  0.00209469
          50     1.74418    0.831342    0.815477  0.00208767
          50     1.76983    0.861873    0.854782  0.00199887
          50     1.79547    0.908535    0.895146  0.00212097
          50     1.82112     0.95389    0.937891  0.00196512
          50     1.84677     1.00692    0.978013  0.00178526
          50     1.87242      1.0278     1.02087   0.0019938
          50     1.89807     1.07466     1.05903  0.00208667
          50     1.92372     1.09257     1.09613  0.00190698
          50     1.94937     1.13817     1.13248  0.00197653
          50     1.97502     1.15347     1.16527  0.00201526
          50     2.00067     1.21061     1.18901  0.00199524
          50     2.02632     1.21572     1.20565  0.00185015
          50     2.05197     1.20036     1.21386  0.00199069
          50     2.07762     1.22127     1.21447  0.00206644
          50     2.10327     1.22549     1.20789  0.00183207
          50     2.12892     1.19012      1.1966   0.0017271
          50     2.15457        1.19     1.17534  0.00172918
          50     2.18022     1.16911     1.14891  0.00158335
          50     2.20587     1.14141     1.12273  0.00196971
          50     2.23152     1.11499     1.09541  0.00170642
          50     2.25717     1.08553     1.06585  0.00179208
          50     2.28282     1.04868     1.03764  0.00184541
          50     2.30847     1.01497     1.01198  0.00178841
          50     2.33412    0.988814    0.986884  0.00162882
          50     2.35977    0.943131    0.963718  0.00188968
          50     2.38542    0.926137    0.944295  0.00185433
          50     2.41107    0.904733    0.928584  0.00161501
          50     2.43672    0.894359    0.916463  0.00139887
          50     2.46237    0.878803     0.90618  0.00138691
          50     2.48802     0.86808    0.893267  0.00141789
          50     2.51366    0.868073    0.884731  0.00141674
          50     2.53931    0.863502    0.884946  0.00142665
