           1      1.1228      1.1228           0
           2     1.45983     1.29132    0.168514
           3     1.30095     1.29453   0.0973443
           4     1.19592     1.26988   0.0731138
           5     1.44445     1.30479   0.0665312
           6     1.52588     1.34164   0.0656409
           7     1.44312     1.35614   0.0573394
           8     1.44695     1.36749   0.0509383
           9     1.47318     1.37923    0.046433
          10     1.35186     1.37649   0.0416211
          11     1.51564     1.38914   0.0397162
          12     1.52374     1.40036   0.0379511
          13     1.39205     1.39972   0.0349158
          14      1.5095     1.40756   0.0332631
          15     1.30767      1.4009   0.0316743
          16     1.33568     1.39683   0.0299077
          17     1.45795     1.40042   0.0283225
          18     1.54577      1.4085   0.0278969
          19     1.45946     1.41118   0.0265238
          20     1.52111     1.41667    0.025756
          21     1.26672     1.40953   0.0255182
          22     1.28948     1.40408   0.0249352
          23     1.43319     1.40534     0.02386
          24     1.44545     1.40701   0.0229052
          25     1.38564     1.40616   0.0219865
          26     1.51013     1.41016   0.0214991
          27     1.44055     1.41128   0.0207182
          28        1.46     1.41302   0.0200402
          29     1.48292     1.41543   0.0194865
          30     1.30577     1.41178   0.0191773
          31      1.1566     1.40355   0.0202929
          32     1.38108     1.40284    0.019661
          33     1.36089     1.40157   0.0190983
          34     1.38011     1.40094   0.0185388
          35     1.39721     1.40084   0.0180016
          36     1.35703     1.39962   0.0175367
          37     1.35463      1.3984   0.0170995
          38     1.38379     1.39802   0.0166478
          39     1.36009     1.39705   0.0162445
          40     1.23854     1.39308   0.0163215
          41     1.32222     1.39135    0.016012
          42     1.44554     1.39264   0.0156793
          43     1.71425     1.40012   0.0170395
          44     1.46696     1.40164   0.0167169
          45     1.22187     1.39765   0.0168224
          46     1.37953     1.39725   0.0164574
          47      1.3532     1.39632   0.0161307
          48     1.62105       1.401   0.0164705
          49     1.49041     1.40282   0.0162337
          50     1.27067     1.40018   0.0161238
