           1    -5.51266    -5.51266           0
           2    -5.46678    -5.48972   0.0229407
           3    -5.48037     -5.4866   0.0136071
           4    -5.49433    -5.48854   0.0098135
           5    -5.45875    -5.48258  0.00965736
           6    -5.43417    -5.47451   0.0112815
           7    -5.45143    -5.47121   0.0100889
           8    -5.45705    -5.46944   0.0089147
           9    -5.44565     -5.4668  0.00829454
          10    -5.46556    -5.46668   0.0074199
          11    -5.43571    -5.46386  0.00727797
          12    -5.44877     -5.4626  0.00676185
          13    -5.46295    -5.46263  0.00622005
          14    -5.45367    -5.46199  0.00579408
          15    -5.47932    -5.46314  0.00551641
          16    -5.47304    -5.46376  0.00519702
          17    -5.44262    -5.46252  0.00503771
          18    -5.44469    -5.46153  0.00485183
          19    -5.45511    -5.46119  0.00460179
          20    -5.44696    -5.46048  0.00442327
          21    -5.48313    -5.46156  0.00434344
          22    -5.48656    -5.46269  0.00429438
          23    -5.45233    -5.46224  0.00412808
          24    -5.45315    -5.46186  0.00397045
          25    -5.46782     -5.4621  0.00381576
          26    -5.44853    -5.46158  0.00370305
          27    -5.44831    -5.46109    0.003597
          28    -5.45092    -5.46073  0.00348512
          29    -5.44684    -5.46025  0.00339672
          30     -5.4834    -5.46102  0.00337108
          31    -5.51532    -5.46277  0.00370132
          32    -5.47081    -5.46302  0.00359258
          33    -5.47765    -5.46347   0.0035101
          34    -5.47664    -5.46385  0.00342729
          35    -5.46551     -5.4639  0.00332826
          36    -5.47314    -5.46416  0.00324464
          37    -5.47664    -5.46449  0.00317372
          38    -5.46794    -5.46458   0.0030904
          39    -5.47487    -5.46485  0.00302165
          40    -5.50349    -5.46581  0.00309949
          41    -5.47853    -5.46612  0.00303883
          42    -5.46419    -5.46608  0.00296595
          43    -5.41307    -5.46485  0.00314764
          44    -5.45373    -5.46459  0.00308563
          45    -5.48495    -5.46505  0.00305002
          46    -5.47536    -5.46527   0.0029914
          47    -5.48674    -5.46573  0.00296247
          48    -5.42724    -5.46492  0.00300888
          49    -5.44918     -5.4646  0.00296429
          50    -5.50955     -5.4655  0.00304032
