           1    -7.57584    -7.57584           0
           2    -7.53157     -7.5537   0.0221347
           3    -7.55014    -7.55251   0.0128344
           4    -7.56751    -7.55626  0.00981904
           5    -7.57872    -7.56076  0.00883313
           6    -7.53197    -7.55596  0.00866234
           7    -7.55241    -7.55545  0.00733856
           8    -7.52715    -7.55191  0.00727354
           9    -7.52534    -7.54896  0.00706171
          10    -7.57842    -7.55191  0.00696953
          11    -7.53315     -7.5502  0.00653064
          12    -7.54478    -7.54975   0.0059787
          13    -7.55712    -7.55032  0.00552875
          14    -7.53556    -7.54926  0.00522604
          15    -7.57808    -7.55118  0.00523077
          16    -7.56891    -7.55229  0.00501686
          17    -7.57014    -7.55334  0.00482811
          18    -7.54854    -7.55308   0.0045598
          19    -7.53652     -7.5522  0.00440032
          20    -7.55252    -7.55222  0.00417454
          21     -7.5537    -7.55229  0.00397141
          22    -7.55725    -7.55252  0.00379328
          23    -7.52347    -7.55125  0.00383832
          24    -7.54768     -7.5511  0.00367794
          25    -7.55391    -7.55122  0.00352953
          26    -7.55177    -7.55124  0.00339113
          27    -7.52221    -7.55016  0.00343569
          28    -7.54549    -7.54999  0.00331492
          29    -7.53781    -7.54957  0.00322606
          30    -7.55799    -7.54985  0.00312926
          31    -7.52101    -7.54892  0.00316644
          32    -7.52199    -7.54808  0.00317934
          33    -7.56157    -7.54849  0.00310849
          34    -7.52594    -7.54783  0.00308775
          35    -7.53977     -7.5476  0.00300707
          36    -7.56998    -7.54822  0.00298776
          37    -7.53662    -7.54791  0.00292275
          38    -7.54487    -7.54783  0.00284592
          39    -7.53874    -7.54759  0.00278176
          40    -7.54378     -7.5475    0.002713
          41      -7.559    -7.54778  0.00266085
          42    -7.55051    -7.54784  0.00259753
          43    -7.58246    -7.54865  0.00266113
          44     -7.5599     -7.5489  0.00261249
          45    -7.57442    -7.54947  0.00261598
          46    -7.55585    -7.54961  0.00256223
          47    -7.55389     -7.5497  0.00250877
          48    -7.55205    -7.54975  0.00245644
          49    -7.52406    -7.54923  0.00246223
          50    -7.53926    -7.54903   0.0024207
