           1     7.43347     7.43347           0
           2     7.68237     7.55792    0.124448
           3     7.57249     7.56278   0.0720144
           4     7.47905     7.54185   0.0550558
           5     7.41409     7.51629   0.0497148
           6     7.68036     7.54364   0.0489433
           7     7.56107     7.54613   0.0414395
           8     7.70031      7.5654   0.0407353
           9     7.70497     7.58091   0.0391291
          10     7.41421     7.56424   0.0387653
          11     7.66091     7.57303   0.0361491
          12     7.60385      7.5756   0.0330992
          13     7.53411      7.5724   0.0306136
          14      7.6568     7.57843   0.0289767
          15     7.41814     7.56775   0.0290153
          16     7.47328     7.56184   0.0277761
          17     7.46846     7.55635   0.0266632
          18     7.58362     7.55786   0.0251839
          19     7.64788      7.5626   0.0242881
          20     7.55932     7.56244   0.0230423
          21     7.55184     7.56193   0.0219234
          22     7.53283     7.56061    0.020945
          23     7.72735     7.56786   0.0212862
          24     7.59173     7.56885   0.0204043
          25     7.54884     7.56805   0.0195875
          26     7.56741     7.56803    0.018819
          27     7.72946     7.57401   0.0190701
          28     7.60141     7.57499   0.0184025
          29     7.65023     7.57758   0.0179452
          30     7.53478     7.57615   0.0173953
          31     7.73247      7.5812   0.0175642
          32     7.71984     7.58553   0.0175496
          33     7.51121     7.58328    0.017158
          34     7.71701     7.58721   0.0171041
          35     7.62756     7.58836   0.0166482
          36     7.46509     7.58494   0.0165375
          37     7.64503     7.58656   0.0161661
          38     7.60601     7.58708   0.0157433
          39     7.63774     7.58837   0.0153892
          40     7.60349     7.58875   0.0150043
          41     7.53207     7.58737   0.0146989
          42      7.5761      7.5871   0.0143472
          43     7.39294     7.58259   0.0147193
          44      7.5213     7.58119   0.0144482
          45     7.43914     7.57804   0.0144719
          46     7.53842     7.57718     0.01418
          47     7.55113     7.57662   0.0138861
          48     7.55211     7.57611   0.0136033
          49     7.71512     7.57895   0.0136215
          50     7.63567     7.58008   0.0133944
