          50           0           0           0           0
          50   0.0230664           0           0           0
          50   0.0461329           0           0           0
          50   0.0691993           0           0           0
          50   0.0922657           0           0           0
          50    0.115332           0           0           0
          50    0.138399           0           0           0
          50    0.161465           0           0           0
          50    0.184531           0           0           0
          50    0.207598           0           0           0
          50    0.230664           0           0           0
          50    0.253731           0           0           0
          50    0.276797           0           0           0
          50    0.299864           0           0           0
          50     0.32293           0           0           0
          50    0.345996           0           0           0
          50    0.369063           0           0           0
          50    0.392129           0           0           0
          50    0.415196           0           0           0
          50    0.438262           0           0           0
          50    0.461329           0           0           0
          50    0.484395           0           0           0
          50    0.507461           0           0           0
          50    0.530528           0           0           0
          50    0.553594           0           0           0
          50    0.576661           0           0           0
          50    0.599727           0           0           0
          50    0.622794           0           0           0
          50     0.64586           0           0           0
          50    0.668926           0           0           0
          50    0.691993           0           0           0
          50    0.715059           0           0           0
          50    0.738126           0           0           0
          50    0.761192           0           0           0
          50    0.784259           0           0           0
          50    0.807325           0           0           0
          50    0.830391           0           0           0
          50    0.853458           0           0           0
          50    0.876524 0.000294562 5.89124e-05 1.73501e-05
          50    0.899591  0.00321813  0.00366587 0.000179272
          50    0.922657   0.0540364   0.0476292 0.000681289
          50    0.945724    0.296487     0.29221  0.00196659
          50     0.96879     1.00909    0.998353    0.003871
          50    0.991856      2.2653     2.23836  0.00504611
          50     1.01492     3.60773     3.62615  0.00339347
          50     1.03799     4.58323     4.62007  0.00452369
          50     1.06106     4.91325     4.90192  0.00625673
          50     1.08412     4.47092     4.49736  0.00704445
          50     1.10719     3.68863      3.6598  0.00608368
          50     1.13026      2.6904     2.69569  0.00436169
          50     1.15332     1.80865     1.82234   0.0027499
          50     1.17639     1.13772     1.12772  0.00235464
          50     1.19945     0.64783    0.649318  0.00250766
          50     1.22252    0.359171    0.351812  0.00216189
          50     1.24559    0.182574    0.179171  0.00163819
          50     1.26865   0.0890902   0.0885884  0.00132588
          50     1.29172   0.0473934   0.0488364   0.0010301
          50     1.31479   0.0421936   0.0417459 0.000915561
          50     1.33785   0.0637926   0.0604039 0.000884492
          50     1.36092   0.0999612    0.105163  0.00102745
          50     1.38399     0.18627    0.183236  0.00128323
          50     1.40705    0.302919    0.299271  0.00135085
          50     1.43012    0.446215    0.455568  0.00119939
          50     1.45319    0.619008    0.629545  0.00125818
          50     1.47625    0.794913    0.798155  0.00178563
          50     1.49932    0.942721    0.922525   0.0024188
          50     1.52238    0.986708    0.971768  0.00271284
          50     1.54545    0.928221    0.929221   0.0026149
          50     1.56852    0.795563    0.806014   0.0019369
          50     1.59158    0.635298    0.637845  0.00123183
          50     1.61465    0.452774    0.465615  0.00113311
          50     1.63772    0.317593    0.317414  0.00143963
          50     1.66078    0.225117    0.219555  0.00159481
          50     1.68385    0.200121    0.191804  0.00180602
          50     1.70692    0.254179    0.253969  0.00241485
          50     1.72998    0.425736    0.431104  0.00260784
          50     1.75305    0.730613    0.747073  0.00283419
          50     1.77612     1.18226     1.19546  0.00217434
          50     1.79918     1.70735     1.72806  0.00179556
          50     1.82225     2.24166     2.23923  0.00250451
          50     1.84531     2.60653     2.60112  0.00425921
          50     1.86838     2.75088     2.71909  0.00526344
          50     1.89145     2.59036     2.56128  0.00475732
          50     1.91451       2.185     2.17959  0.00345024
          50     1.93758     1.69214     1.69026   0.0016859
          50     1.96065     1.20291     1.19869  0.00143168
          50     1.98371     0.79866    0.799749  0.00244834
          50     2.00678    0.541754      0.5408  0.00258561
          50     2.02985    0.418028    0.432452  0.00289541
          50     2.05291    0.455617    0.459867  0.00237744
          50     2.07598    0.573499    0.584109  0.00171624
          50     2.09905    0.747712    0.758952  0.00116721
          50     2.12211    0.907027    0.918484   0.0014392
          50     2.14518     1.02513     1.01778  0.00177942
          50     2.16824     1.03401      1.0235  0.00182298
          50     2.19131    0.924664     0.91995  0.00165286
          50     2.21438    0.784136    0.781861  0.00102349
          50     2.23744      0.6576    0.651909  0.00151786
          50     2.26051    0.570667    0.571054  0.00210523
          50     2.28358    0.564899    0.571428  0.00268688
