           1    0.718296    0.718296           0
           2    0.696484     0.70739  0.00771171
           3    0.912748    0.775843   0.0561273
           4     0.94878    0.819077   0.0563377
           5    0.926664    0.840594   0.0490073
           6    0.933648    0.856103   0.0432238
           7    0.903696    0.862902   0.0375799
           8    0.930492    0.871351   0.0338188
           9    0.901264    0.874675    0.030224
          10    0.931332     0.88034   0.0277276
          11    0.850128    0.877594   0.0253426
          12    0.730168    0.865308   0.0260388
          13    0.865584     0.86533   0.0240358
          14     0.95666    0.871853   0.0231874
          15    0.940516    0.876431   0.0220888
          16      0.9603    0.881673   0.0213211
          17    0.824568    0.878313   0.0203298
          18      0.9122    0.880196   0.0192874
          19     0.97178    0.885016    0.018865
          20     0.92686    0.887108   0.0180373
           1    0.725408    0.725408           0
           2    0.733348    0.729378  0.00280721
           3    0.708368    0.722375  0.00601666
           4    0.867076     0.75855   0.0316521
           5     0.81958    0.770756   0.0275749
           6     0.89268    0.791077   0.0295321
           7    0.751396    0.785408   0.0258516
           8    0.849168    0.793378    0.023817
           9    0.797488    0.793835   0.0211751
          10    0.838816    0.798333   0.0195295
          11    0.677908    0.787385   0.0205952
          12     0.82672    0.790663    0.019138
          13      0.5605    0.772958   0.0245241
          14    0.882824    0.780806   0.0239952
          15    0.894436    0.788381   0.0235609
          16    0.807196    0.789557   0.0221177
          17    0.864104    0.793942   0.0212469
          18    0.811472    0.794916   0.0200888
          19    0.848032    0.797712   0.0192251
          20    0.835132    0.799583   0.0183546
           1     0.70912     0.70912           0
           2    0.754996    0.732058   0.0162196
           3    0.531932    0.665349   0.0555304
           4    0.640308    0.659089   0.0419992
           5     0.62436    0.652143   0.0341689
           6    0.620104    0.646803   0.0288883
           7    0.630048     0.64441   0.0248604
           8    0.769884    0.660094    0.026238
           9    0.720116    0.666763   0.0241554
          10    0.569804    0.657067   0.0236057
          11    0.602404    0.652098   0.0219766
          12    0.685012    0.654841   0.0203156
          13     0.61364    0.651671   0.0189985
          14    0.770384    0.660151   0.0194419
          15    0.717552    0.663978   0.0185185
          16    0.658172    0.663615   0.0173647
          17    0.573996    0.658343   0.0171248
          18    0.689668    0.660083   0.0162616
          19    0.633704    0.658695   0.0154648
          20    0.767048    0.664113   0.0156117
           1    0.535908    0.535908           0
           2    0.530188    0.533048  0.00202233
           3    0.428908    0.498335   0.0283754
           4     0.55404    0.512261   0.0244614
           5    0.537568    0.517322   0.0200859
           6    0.584848    0.528577   0.0196397
           7       0.456    0.518209   0.0193785
           8    0.615108    0.530321   0.0203932
           9    0.479244    0.524646   0.0189005
          10    0.563628    0.528544   0.0174078
          11    0.628044    0.537589   0.0180228
          12    0.561076    0.539547   0.0166268
          13     0.45458    0.533011   0.0165828
          14    0.610976     0.53858   0.0163066
          15    0.550548    0.539378    0.015239
          16    0.433604    0.532767    0.015655
          17    0.506056    0.531196   0.0148127
          18    0.525208    0.530863   0.0139935
          19    0.567856     0.53281   0.0133918
          20    0.476156    0.529977   0.0130184
           1    0.481664    0.481664           0
           2     0.45568    0.468672  0.00918673
           3    0.312116    0.416487   0.0430471
           4    0.449424    0.424721   0.0330635
           5    0.459904    0.431758   0.0271892
           6     0.46354    0.437055   0.0231679
           7    0.358784    0.425873   0.0223945
           8    0.419908    0.425127   0.0196076
           9    0.432276    0.425922   0.0174451
          10    0.401652    0.423495   0.0158685
          11     0.52462    0.432688   0.0168801
          12    0.398824    0.429866   0.0157076
          13     0.44542    0.431062   0.0145448
          14    0.418876    0.430192   0.0135319
          15     0.46424    0.432462   0.0128187
          16    0.387876    0.429675   0.0123167
          17    0.401688    0.428029   0.0117017
          18    0.389692    0.425899   0.0112438
          19    0.381396    0.423557   0.0108932
          20    0.328072    0.418783   0.0113467
           1     0.35106     0.35106           0
           2    0.329892    0.340476  0.00748402
           3    0.371872    0.350941   0.0098949
           4    0.319404    0.343057   0.0100844
           5    0.245504    0.323546   0.0192254
           6    0.315644    0.322229   0.0160662
           7    0.302216     0.31937   0.0140231
           8    0.396304    0.328987   0.0152145
           9    0.321968    0.328207   0.0135439
          10    0.339868    0.329373   0.0122396
          11     0.42962    0.338487   0.0141178
          12    0.404852    0.344017   0.0139826
          13    0.376612    0.346524   0.0131299
          14    0.347552    0.346598   0.0121923
          15    0.369248    0.348108   0.0114726
          16    0.327552    0.346823   0.0108272
          17    0.392604    0.349516   0.0105199
          18    0.354176    0.349775  0.00993867
          19    0.321288    0.348276  0.00952801
          20    0.354552    0.348589  0.00905677
           1     0.28956     0.28956           0
           2    0.220912    0.255236   0.0242707
           3     0.27062    0.260364   0.0167134
           4     0.18134    0.240608   0.0212097
           5    0.288408    0.250168   0.0190005
           6    0.268044    0.253147   0.0160657
           7    0.239928    0.251259   0.0138811
           8    0.328292    0.260888   0.0151214
           9    0.221224    0.256481   0.0140688
          10    0.310812    0.261914   0.0136708
          11    0.343436    0.269325   0.0142964
          12    0.280824    0.270283   0.0131371
          13    0.351704    0.276546   0.0135374
          14    0.287624    0.277338   0.0125936
          15    0.332024    0.280983   0.0122704
          16      0.3164    0.283197   0.0117014
          17    0.267028    0.282246   0.0110517
          18     0.22268    0.278937   0.0109219
          19    0.291588    0.279603   0.0103674
          20    0.280552     0.27965   0.0098491
           1     0.22552     0.22552           0
           2    0.259212    0.242366   0.0119119
           3      0.1811    0.221944    0.018469
           4     0.25888    0.231178   0.0159944
           5    0.244028    0.233748   0.0130003
           6     0.22638     0.23252   0.0108915
           7    0.202224    0.228192   0.0101591
           8    0.261264    0.232326  0.00969393
           9    0.257404    0.235112   0.0090084
          10     0.23168    0.234769   0.0081141
          11    0.216956     0.23315  0.00753632
          12    0.188448    0.229425  0.00777463
          13     0.24996    0.231004   0.0073353
          14    0.253988    0.232646  0.00699265
          15    0.271236    0.235219  0.00698371
          16    0.215288    0.233973  0.00665739
          17    0.178568    0.230714  0.00701834
          18    0.261328    0.232415   0.0068314
          19    0.226332    0.232095  0.00647935
          20    0.176032    0.229291  0.00673449
           1    0.229012    0.229012           0
           2    0.240988       0.235  0.00423416
           3    0.179856    0.216619   0.0152714
           4    0.192812    0.210667   0.0125599
           5    0.202568    0.209047   0.0101518
           6     0.19496    0.206699  0.00872715
           7    0.177776    0.202567   0.0084018
           8    0.176108     0.19926  0.00797605
           9    0.223432    0.201946  0.00752844
          10     0.23428    0.205179  0.00743762
          11    0.208344    0.205467  0.00676704
          12    0.159556    0.201641  0.00720392
          13     0.23928    0.204536  0.00720815
          14    0.208464    0.204817  0.00669874
          15    0.241704    0.207276  0.00668833
          16    0.196536    0.206605   0.0063039
          17    0.189376    0.205591    0.006014
          18      0.1113    0.200353  0.00762742
          19    0.147028    0.197546  0.00772509
          20    0.197172    0.197528  0.00733886
           1    0.162284    0.162284           0
           2    0.175576     0.16893  0.00469943
           3    0.133224    0.157028   0.0102105
           4      0.1616    0.158171  0.00772157
           5    0.158764     0.15829  0.00617816
           6    0.120752    0.152033  0.00768922
           7     0.13368    0.149411  0.00702357
           8    0.177224    0.152888  0.00695301
           9    0.169056    0.154684  0.00640833
          10    0.196852    0.158901  0.00701904
          11    0.172816    0.160166  0.00649393
          12    0.198672    0.163375   0.0066988
          13     0.17648    0.164383   0.0062589
          14    0.180748    0.165552  0.00591999
          15    0.193932    0.167444  0.00581981
          16     0.15422    0.166618  0.00551445
          17    0.158688    0.166151  0.00520976
          18    0.124064    0.163813  0.00541968
          19    0.136752    0.162389  0.00531828
          20     0.15752    0.162145  0.00505794
           1    0.128668    0.128668           0
           2    0.150308    0.139488   0.0076509
           3    0.130388    0.136455  0.00567011
           4    0.160468    0.142458  0.00671673
           5    0.121616     0.13829  0.00654016
           6    0.084236    0.129281    0.009866
           7    0.137548    0.130462  0.00852697
           8    0.144868    0.132263  0.00764889
           9    0.135304      0.1326  0.00680647
          10     0.16516    0.135856  0.00686053
          11    0.161232    0.138163  0.00661333
          12    0.100936    0.135061  0.00675075
          13    0.101356    0.132468  0.00671089
          14    0.160112    0.134443  0.00651555
          15    0.142048     0.13495  0.00610088
          16    0.107428     0.13323  0.00595713
          17    0.155128    0.134518  0.00574429
          18    0.119404    0.133678  0.00548619
          19    0.157504    0.134932  0.00533883
          20    0.136568    0.135014  0.00507252
           1    0.113208    0.113208           0
           2    0.108068    0.110638  0.00181726
           3    0.132248    0.117841  0.00600498
           4    0.118316     0.11796  0.00450491
           5    0.119908     0.11835  0.00362073
           6    0.102432    0.115697  0.00386898
           7     0.12464    0.116974   0.0035209
           8    0.114456    0.116659  0.00309483
           9    0.095056    0.114259  0.00356222
          10      0.1153    0.114363  0.00320752
          11    0.164144    0.118889   0.0052078
          12    0.087368    0.116262  0.00539574
          13     0.10656    0.115516  0.00503203
          14    0.139524    0.117231  0.00495621
          15    0.147384    0.119241  0.00501693
          16    0.097012    0.117851  0.00489195
          17    0.135544    0.118892   0.0047136
          18    0.139284    0.120025  0.00458585
          19    0.149144    0.121558  0.00459345
          20    0.112832    0.121121  0.00438444
           1    0.110144    0.110144           0
           2    0.115456      0.1128  0.00187808
           3    0.117036    0.114212    0.001702
           4    0.121892    0.116132  0.00209625
           5    0.077548    0.108415  0.00710292
           6    0.096172    0.106375  0.00620529
           7    0.098532    0.105254  0.00541902
           8     0.12486    0.107705  0.00526673
           9     0.09286    0.106056  0.00493307
          10    0.116596     0.10711  0.00455097
          11    0.117496    0.108054  0.00423407
          12    0.109684     0.10819  0.00388341
          13     0.08394    0.106324  0.00400773
          14     0.10044    0.105904  0.00374343
          15    0.133768    0.107762  0.00392782
          16    0.086388    0.106426  0.00390289
          17    0.104128    0.106291  0.00367565
          18    0.123084    0.107224  0.00358789
          19    0.096352    0.106651  0.00344438
          20    0.108964    0.106767   0.0032741
           1    0.099412    0.099412           0
           2    0.100052    0.099732 0.000226274
           3    0.094912   0.0981253  0.00132048
           4    0.095768    0.097536  0.00111414
           5    0.095744   0.0971776 0.000947203
           6    0.089188    0.095846  0.00144937
           7    0.091032   0.0951583  0.00139597
           8    0.089672   0.0944725  0.00137968
           9    0.083784   0.0932849  0.00166064
          10     0.07586   0.0915424  0.00222854
          11     0.10824   0.0930604  0.00248982
          12    0.097408   0.0934227  0.00230854
          13    0.069456   0.0915791  0.00277099
          14    0.086296   0.0912017  0.00259863
          15    0.092084   0.0912605  0.00242605
          16     0.07656   0.0903417  0.00244221
          17    0.108584   0.0914148  0.00252331
          18    0.090696   0.0913749  0.00238344
          19    0.093048   0.0914629  0.00225963
          20    0.090556   0.0914176   0.0021471
           1    0.114048    0.114048           0
           2     0.05568    0.084864   0.0206362
           3    0.094616   0.0881147   0.0140112
           4    0.085228    0.087393   0.0105269
           5    0.077812   0.0854768  0.00859418
           6    0.080636     0.08467  0.00719959
           7    0.087364   0.0850549  0.00618135
           8    0.080928    0.084539  0.00543017
           9    0.065436   0.0824164  0.00522521
          10    0.095248   0.0836996  0.00485769
          11     0.08642   0.0839469  0.00442237
          12    0.075976   0.0832827  0.00410342
          13    0.071408   0.0823692  0.00388811
          14    0.075128    0.081852  0.00364463
          15     0.08634   0.0821512  0.00341391
          16    0.078708    0.081936  0.00320732
          17    0.092744   0.0825718  0.00308102
          18    0.095832   0.0833084  0.00299663
          19     0.08162   0.0832196  0.00284023
          20    0.103288    0.084223     0.00287
           1    0.078628    0.078628           0
           2    0.044376    0.061502   0.0121099
           3    0.076792   0.0665987  0.00908268
           4    0.073644     0.06836   0.0069807
           5    0.056424   0.0659728  0.00597882
           6    0.071168   0.0668387  0.00504466
           7      0.0796   0.0686617  0.00464173
           8    0.067296    0.068491  0.00406465
           9    0.068264   0.0684658   0.0036131
          10     0.07702   0.0693212  0.00335152
          11    0.078892   0.0701913  0.00315776
          12     0.06438    0.069707  0.00293151
          13    0.067796     0.06956  0.00270969
          14    0.077292   0.0701123  0.00257181
          15     0.07324   0.0703208   0.0024088
          16     0.08412   0.0711832   0.0024077
          17    0.089448   0.0722576  0.00249429
          18    0.086924   0.0730724  0.00248524
          19    0.059776   0.0723726  0.00245099
          20    0.080816   0.0727948  0.00236452
           1    0.075404    0.075404           0
           2     0.05262    0.064012  0.00805536
           3    0.071688   0.0665707  0.00576229
           4    0.076212    0.068981  0.00479943
           5     0.05322   0.0658288  0.00476353
           6    0.072668   0.0669687  0.00410372
           7    0.086256    0.069724   0.0043451
           8    0.059708    0.068472  0.00397826
           9    0.062496    0.067808  0.00359121
          10    0.052672   0.0662944  0.00353671
          11    0.056796   0.0654309  0.00331893
          12    0.058416   0.0648463   0.0030934
          13    0.064508   0.0648203  0.00285556
          14    0.067192   0.0649897  0.00265661
          15    0.072964   0.0655213  0.00253214
          16    0.069068    0.065743  0.00238356
          17    0.078072   0.0664682   0.0023511
          18    0.057172   0.0659518   0.0022765
          19    0.063604   0.0658282  0.00216003
          20     0.06354   0.0657138  0.00205506
           1    0.040836    0.040836           0
           2    0.062048    0.051442  0.00749957
           3      0.0592    0.054028  0.00542729
           4    0.063864    0.056487  0.00459388
           5     0.05752   0.0566936  0.00367974
           6     0.05458   0.0563413  0.00308327
           7    0.063628   0.0573823  0.00281304
           8      0.0595    0.057647  0.00247383
           9    0.053392   0.0571742  0.00224368
          10    0.043168   0.0557736  0.00241727
          11    0.056188   0.0558113  0.00219781
          12    0.058736    0.056055  0.00202813
          13    0.059472   0.0563178  0.00188908
          14    0.045724   0.0555611  0.00189966
          15    0.047292   0.0550099  0.00185128
          16    0.052976   0.0548828  0.00173993
          17    0.076432   0.0561504  0.00204792
          18    0.048444   0.0557222  0.00197839
          19    0.064208   0.0561688  0.00192402
          20    0.067152    0.056718  0.00190458
           1    0.054952    0.054952           0
           2    0.052128     0.05354 0.000998435
           3    0.057396   0.0548253  0.00124276
           4    0.069492    0.058492  0.00330939
           5    0.055416   0.0578768  0.00270409
           6    0.054096   0.0572467  0.00232567
           7    0.068828   0.0589011  0.00251397
           8    0.057488   0.0587245  0.00220592
           9    0.060956   0.0589724   0.0019747
          10    0.055572   0.0586324  0.00180627
          11      0.0646   0.0591749  0.00172161
          12    0.049072    0.058333  0.00177208
          13    0.047564   0.0575046  0.00181911
          14     0.04736     0.05678  0.00182781
          15    0.062356   0.0571517  0.00174334
          16    0.039796    0.056067  0.00194276
          17     0.05696   0.0561195  0.00182919
          18    0.048592   0.0557013  0.00177473
          19    0.058512   0.0558493  0.00168748
          20    0.063256   0.0562196  0.00164324
           1    0.056904    0.056904           0
           2    0.046732    0.051818  0.00359635
           3    0.070228   0.0579547  0.00555465
           4     0.05082    0.056171  0.00444314
           5    0.054064   0.0557496  0.00357444
           6       0.054    0.055458  0.00299057
           7    0.046664   0.0542017  0.00281488
           8     0.04708   0.0533115  0.00259998
           9     0.04572    0.052468  0.00244409
          10    0.055576   0.0527788  0.00221936
          11    0.044248   0.0520033  0.00214883
          12    0.048092   0.0516773  0.00199432
          13    0.052976   0.0517772  0.00184342
          14     0.04894   0.0515746  0.00172285
          15    0.063276   0.0523547  0.00177584
          16    0.040108   0.0515892  0.00182235
          17    0.054096   0.0517367  0.00172111
          18      0.0507   0.0516791  0.00162646
          19    0.046644   0.0514141   0.0015623
          20     0.05026   0.0513564  0.00148525
           1    0.046764    0.046764           0
           2    0.048964    0.047864 0.000777817
           3    0.040068   0.0452653  0.00218425
           4    0.062816    0.049653  0.00413792
           5    0.047284   0.0491792  0.00333735
           6    0.045332    0.048538  0.00284205
           7    0.033028   0.0463223  0.00318471
           8    0.037204   0.0451825  0.00298362
           9     0.05068   0.0457933  0.00271391
          10    0.053568   0.0465708  0.00255145
          11      0.0454   0.0464644  0.00232172
          12    0.060672   0.0476483  0.00241131
          13    0.047516   0.0476382  0.00222584
          14    0.035612   0.0467791  0.00222645
          15    0.052188   0.0471397  0.00210702
          16      0.0524   0.0474685  0.00200081
          17    0.048272   0.0475158  0.00188368
          18    0.057768   0.0480853  0.00186315
          19    0.041724   0.0477505  0.00179492
          20    0.047984   0.0477622  0.00170521
           1     0.05008     0.05008           0
           2    0.039824    0.044952  0.00362604
           3    0.041532    0.043812  0.00259037
           4      0.0602    0.047909  0.00404518
           5    0.049084    0.048144  0.00324296
           6    0.038204   0.0464873  0.00309684
           7    0.023196     0.04316   0.0040664
           8     0.04782   0.0437425  0.00359958
           9      0.0532   0.0447933   0.0033495
          10    0.042964   0.0446104  0.00301954
          11    0.049052   0.0450142   0.0027719
          12    0.048208   0.0452803  0.00255366
          13    0.041828   0.0450148  0.00237099
          14    0.048552   0.0452674  0.00221506
          15    0.053912   0.0458437  0.00214104
          16    0.046664    0.045895  0.00200784
          17     0.04916   0.0460871   0.0018989
          18    0.053176   0.0464809  0.00183379
          19    0.030408   0.0456349  0.00192252
          20    0.056352   0.0461708   0.0018996
           1    0.043856    0.043856           0
           2    0.048896    0.046376  0.00178191
           3    0.032268   0.0416733  0.00401928
           4    0.048604    0.043406  0.00336728
           5    0.050768   0.0448784  0.00299851
           6    0.042508   0.0444833  0.00252465
           7    0.039692   0.0437989  0.00225486
           8    0.051104    0.044712  0.00214996
           9    0.047068   0.0449738  0.00192695
          10    0.046264   0.0451028  0.00173857
          11    0.046128    0.045196  0.00158301
          12    0.041868   0.0449187  0.00147519
          13     0.03644   0.0442665  0.00149897
          14    0.032608   0.0434337  0.00160665
          15    0.040708    0.043252  0.00150978
          16    0.038484    0.042954  0.00144453
          17    0.053336   0.0435647  0.00148304
          18    0.046652   0.0437362  0.00141054
          19    0.038836   0.0434783  0.00135967
          20     0.04344   0.0434764  0.00129169
           1    0.045604    0.045604           0
           2    0.035956     0.04078  0.00341108
           3    0.031284   0.0376147  0.00344251
           4    0.040224    0.038267  0.00264297
           5    0.051308   0.0408752  0.00314845
           6    0.041788   0.0410273  0.00262738
           7    0.039496   0.0408086  0.00226113
           8    0.038828    0.040561    0.001992
           9    0.044064   0.0409502  0.00180829
          10    0.039804   0.0408356  0.00163109
          11    0.039148   0.0406822  0.00149001
          12    0.027644   0.0395957  0.00171687
          13    0.043204   0.0398732  0.00160709
          14     0.03894   0.0398066  0.00149368
          15    0.047512   0.0403203   0.0014798
          16    0.031188   0.0397495  0.00149333
          17    0.035012   0.0394708  0.00143126
          18    0.027324    0.038796  0.00150243
          19    0.039268   0.0388208  0.00142356
          20    0.039636   0.0388616  0.00135296
           1     0.03084     0.03084           0
           2    0.033876    0.032358  0.00107339
           3    0.033632   0.0327827 0.000795173
           4    0.031996    0.032586 0.000620223
           5     0.03468   0.0330048 0.000621698
           6     0.03316   0.0330307 0.000518619
           7    0.037148   0.0336189 0.000702959
           8    0.034784   0.0337645 0.000629996
           9     0.03918   0.0343662 0.000797142
          10    0.037328   0.0346624 0.000770488
          11    0.028988   0.0341465 0.000855883
          12    0.037872    0.034457 0.000838978
          13    0.033088   0.0343517 0.000781022
          14    0.027464   0.0338597 0.000866441
          15     0.03916   0.0342131 0.000877778
          16    0.034152   0.0342092 0.000822925
          17     0.03778   0.0344193 0.000800875
          18     0.02966   0.0341549 0.000798837
          19    0.032592   0.0340726 0.000761016
          20     0.02866    0.033802 0.000769583
           1    0.028028    0.028028           0
           2    0.031804    0.029916  0.00133502
           3    0.042824   0.0342187   0.0036241
           4    0.032964    0.033905  0.00273161
           5    0.032684   0.0336608  0.00219618
           6    0.038872   0.0345293  0.00199451
           7    0.035968   0.0347349  0.00172014
           8    0.034072    0.034652  0.00150711
           9    0.045272    0.035832  0.00174137
          10    0.031176   0.0353664  0.00162829
          11    0.043616   0.0361164  0.00164393
          12    0.031124   0.0357003  0.00155869
          13    0.032892   0.0354843  0.00145368
          14    0.031892   0.0352277   0.0013723
          15    0.039556   0.0355163   0.0013108
          16    0.035088   0.0354895  0.00122915
          17    0.034536   0.0354334  0.00115813
          18    0.038336   0.0355947  0.00110496
          19    0.032252   0.0354187  0.00106071
          20    0.023748   0.0348352  0.00115711
           1    0.028384    0.028384           0
           2    0.028696     0.02854 0.000110309
           3    0.029936   0.0290053 0.000386994
           4    0.029392    0.029102 0.000302078
           5    0.034208   0.0301232 0.000944818
           6    0.033592   0.0307013 0.000947865
           7    0.045468   0.0328109  0.00211529
           8    0.027224   0.0321125  0.00196278
           9    0.039296   0.0329107  0.00190006
          10    0.031072   0.0327268  0.00171893
          11    0.035304   0.0329611  0.00157855
          12     0.03376   0.0330277   0.0014484
          13    0.039576   0.0335314  0.00142188
          14    0.026588   0.0330354  0.00140415
          15    0.033368   0.0330576  0.00131072
          16    0.034004   0.0331168  0.00123013
          17    0.033048   0.0331127  0.00115778
          18    0.043056   0.0336651  0.00121813
          19     0.03498   0.0337343  0.00115599
          20      0.0381   0.0339526  0.00111861
           1    0.026872    0.026872           0
           2    0.038272    0.032572  0.00403051
           3      0.0221   0.0290813  0.00391704
           4    0.029504    0.029187   0.0029392
           5     0.03688   0.0307256  0.00272447
           6     0.03144   0.0308447  0.00227299
           7    0.039912     0.03214  0.00228779
           8     0.02408   0.0311325  0.00221256
           9    0.028956   0.0308907   0.0019799
          10    0.030388   0.0308404  0.00178254
          11    0.028088   0.0305902  0.00163796
          12    0.037768   0.0311883  0.00160697
          13    0.030444   0.0311311  0.00148438
          14    0.026688   0.0308137  0.00141187
          15     0.02464   0.0304021  0.00137643
          16    0.035796   0.0307393  0.00133105
          17    0.032048   0.0308162  0.00125498
          18    0.029256   0.0307296  0.00118824
          19    0.033392   0.0308697  0.00113394
          20    0.032136    0.030933  0.00107901
           1    0.022668    0.022668           0
           2    0.027804    0.025236  0.00181585
           3    0.021292   0.0239213  0.00161793
           4    0.036804    0.027142  0.00304171
           5     0.02618   0.0269496  0.00243944
           6    0.028156   0.0271507  0.00204114
           7     0.02802   0.0272749  0.00175332
           8    0.024676     0.02695  0.00156396
           9    0.034328   0.0277698  0.00159059
          10    0.018188   0.0268116  0.00169575
          11    0.026008   0.0267385  0.00154317
          12    0.029456    0.026965  0.00143109
          13    0.025796   0.0268751  0.00132383
          14    0.025516    0.026778  0.00123282
          15    0.030596   0.0270325  0.00117662
          16    0.026676   0.0270102  0.00110329
          17    0.029116   0.0271341  0.00104532
          18    0.015892   0.0265096  0.00115891
          19     0.03032   0.0267101  0.00111513
          20    0.028792   0.0268142  0.00106422
           1    0.028844    0.028844           0
           2    0.026812    0.027828  0.00071842
           3    0.021692   0.0257827  0.00173733
           4     0.02388    0.025307  0.00136656
           5    0.024764   0.0251984  0.00109756
           6    0.028428   0.0257367  0.00103826
           7    0.026872   0.0258989  0.00090252
           8    0.031652    0.026618  0.00103738
           9    0.030636   0.0270644  0.00101364
          10     0.02858    0.027216 0.000923535
          11    0.027968   0.0272844 0.000842104
          12    0.035596    0.027977  0.00101766
          13     0.02642   0.0278572 0.000946404
          14    0.027568   0.0278366 0.000879029
          15    0.022608    0.027488  0.00088685
          16    0.021912   0.0271395 0.000897287
          17    0.022392   0.0268602 0.000886899
          18    0.027692   0.0269064  0.00083883
          19    0.032716   0.0272122 0.000848581
          20    0.027516   0.0272274 0.000806288
           1     0.94992     0.94992           0
           2    0.850896    0.900408   0.0350103
           3    0.973412    0.924743    0.030652
           4    0.458368    0.808149    0.103557
           5     0.96952    0.840423   0.0877308
           6    0.951176    0.858882   0.0750258
           7    0.961248    0.873506   0.0657176
           8    0.930072    0.880577    0.057882
           9    0.885052    0.881074   0.0514528
          10    0.939088    0.886875   0.0466334
          11    0.808852    0.879782   0.0429301
          12     0.81618    0.874482   0.0396784
          13    0.901276    0.876543   0.0366797
          14     0.93314    0.880586   0.0342818
          15    0.907752    0.882397   0.0320441
          16    0.937412    0.885835   0.0302253
          17    0.416532    0.858229   0.0390707
          18    0.940876    0.862821   0.0371689
          19    0.953652    0.867601   0.0355187
          20    0.968768     0.87266   0.0341011
           1     0.87832     0.87832           0
           2    0.767044    0.822682    0.039342
           3     0.85326    0.832875   0.0275167
           4    0.662292    0.790229   0.0423072
           5    0.876864    0.807556   0.0372252
           6     0.91688    0.825777   0.0351989
           7    0.874108    0.832681   0.0308402
           8    0.854716    0.835435   0.0271079
           9    0.758112    0.826844    0.025421
          10     0.83296    0.827456   0.0228862
          11     0.78134    0.823263   0.0211862
          12    0.723888    0.814982   0.0209768
          13    0.854744    0.818041   0.0195849
          14    0.890872    0.823243   0.0188643
          15    0.801456     0.82179   0.0176625
          16     0.88238    0.825577   0.0169597
          17    0.787552     0.82334   0.0161089
          18    0.680468    0.815403   0.0170577
          19    0.808128     0.81502   0.0161642
          20      0.8412    0.816329   0.0154089
           1     0.70862     0.70862           0
           2    0.676672    0.692646   0.0112953
           3     0.81872    0.734671   0.0351296
           4    0.601316    0.701332   0.0390867
           5      0.7171    0.704486   0.0313964
           6    0.668332     0.69846   0.0267356
           7    0.758064    0.706975   0.0242342
           8    0.787856    0.717085   0.0232183
           9    0.761492    0.722019   0.0211563
          10    0.756016    0.725419   0.0193118
          11    0.438668    0.699351   0.0304302
          12     0.64272    0.694631   0.0282579
          13    0.631936    0.689809   0.0264926
          14    0.790432    0.696996   0.0255566
          15     0.83648    0.706295   0.0254885
          16    0.709904     0.70652   0.0238965
          17    0.652712    0.703355   0.0226995
          18    0.640832    0.699882   0.0217025
          19    0.687196    0.699214   0.0205705
          20    0.492456    0.688876   0.0219868
           1    0.324928    0.324928           0
           2    0.670204    0.497566    0.122074
           3    0.616788    0.537307   0.0876126
           4    0.393396    0.501329   0.0727222
           5     0.64306    0.529675   0.0634623
           6    0.584404    0.538797   0.0535367
           7    0.594492    0.546753   0.0464761
           8    0.744176    0.571431   0.0467616
           9    0.648892    0.580038   0.0423505
          10    0.670204    0.589054   0.0390635
          11    0.451592    0.576558   0.0374578
          12    0.570476    0.576051   0.0343398
          13    0.608116    0.578518   0.0317867
          14    0.633156     0.58242   0.0297549
          15     0.61832    0.584814   0.0278673
          16     0.60638    0.586162   0.0261582
          17    0.436716    0.577371   0.0260548
          18     0.42298    0.568793   0.0259808
          19    0.392152    0.559496   0.0262241
          20    0.397864    0.551415   0.0261285
           1     0.26076     0.26076           0
           2    0.551208    0.405984    0.102689
           3    0.527072    0.446347   0.0759787
           4    0.417328    0.439092   0.0573293
           5     0.46178     0.44363   0.0460427
           6      0.3874    0.434258   0.0393111
           7    0.556448    0.451714   0.0373703
           8    0.591228    0.469153   0.0365423
           9    0.484996    0.470913   0.0325244
          10    0.436104    0.467432   0.0294577
          11    0.328364     0.45479   0.0293676
          12    0.372028    0.447893   0.0277183
          13    0.342848    0.439813    0.026738
          14    0.476996    0.442469   0.0249597
          15    0.484392    0.445263   0.0234517
          16    0.467624    0.446661   0.0220276
          17     0.44552    0.446594   0.0207319
          18    0.387096    0.443288   0.0198419
          19    0.281616    0.434779   0.0205413
          20    0.406704    0.433376   0.0195621
           1    0.313072    0.313072           0
           2    0.406784    0.359928   0.0331322
           3    0.345928    0.355261   0.0224144
           4     0.34484    0.352656   0.0169615
           5    0.380476     0.35822    0.014453
           6    0.392976    0.364013   0.0131539
           7    0.427724    0.373114   0.0140757
           8    0.535268    0.393383   0.0226092
           9    0.402468    0.394393   0.0201196
          10    0.342912    0.389245   0.0187547
          11     0.25792    0.377306   0.0205004
          12    0.309184    0.371629   0.0195622
          13    0.273508    0.364082   0.0194592
          14    0.391504     0.36604   0.0181675
          15    0.368256    0.366188    0.016957
          16     0.40292    0.368484   0.0160518
          17    0.370476    0.368601    0.015108
          18     0.29056    0.364265   0.0148778
          19    0.311484    0.361487   0.0143517
          20    0.312464    0.359036   0.0138419
           1    0.248488    0.248488           0
           2     0.32098    0.284734   0.0256298
           3    0.306744    0.292071   0.0181062
           4    0.298168    0.293595   0.0136437
           5    0.271876    0.289251   0.0115858
           6     0.28644    0.288783  0.00966429
           7    0.348832    0.297361   0.0114759
           8    0.379028    0.307569   0.0138569
           9    0.344772    0.311703   0.0129191
          10    0.252364    0.305769   0.0129183
          11    0.253512    0.301019   0.0125871
          12    0.242728    0.296161   0.0124402
          13    0.279456    0.294876   0.0115495
          14    0.305136    0.295609   0.0107477
          15    0.321968    0.297366   0.0101739
          16     0.32504    0.299096  0.00968391
          17    0.224372      0.2947   0.0100625
          18    0.252712    0.292368  0.00977011
          19    0.259692    0.290648  0.00940604
          20    0.243444    0.288288   0.0092271
           1    0.200904    0.200904           0
           2    0.208668    0.204786  0.00274499
           3    0.288124    0.232565   0.0227554
           4    0.236232    0.233482    0.017085
           5    0.192884    0.225362   0.0154776
           6     0.20734    0.222359   0.0131863
           7    0.210264    0.220631   0.0114152
           8    0.315308    0.232465   0.0149103
           9    0.292444     0.23913   0.0146675
          10       0.238    0.239017   0.0132012
          11     0.15438    0.231323   0.0140658
          12    0.249328    0.232823   0.0129734
          13    0.259648    0.234886   0.0121384
          14    0.255036    0.236326   0.0113564
          15    0.288664    0.239815   0.0111224
          16    0.266396    0.241476   0.0105506
          17     0.19008    0.238453   0.0103541
          18    0.218988    0.237372  0.00983519
          19    0.189676    0.234861  0.00963258
          20    0.215116    0.233874   0.0092014
           1    0.119472    0.119472           0
           2    0.184608     0.15204   0.0230291
           3     0.24418    0.182753   0.0294037
           4    0.203436    0.187924   0.0225028
           5    0.205508    0.191441    0.018275
           6    0.188048    0.190875   0.0152379
           7    0.189616    0.190695   0.0130621
           8    0.255412    0.198785   0.0137073
           9    0.252484    0.204752   0.0134202
          10    0.177776    0.202054   0.0123463
          11    0.159484    0.198184   0.0118149
          12    0.191604    0.197636    0.010843
          13    0.211588    0.198709   0.0100619
          14    0.220588    0.200272  0.00946381
          15    0.209004    0.200854  0.00885078
          16     0.18954    0.200147   0.0083258
          17    0.176692    0.198767  0.00794954
          18    0.171276     0.19724  0.00765321
          19    0.148544    0.194677  0.00766755
          20    0.161824    0.193034  0.00745805
           1     0.11446     0.11446           0
           2    0.176648    0.145554   0.0219868
           3    0.202404    0.164504   0.0213132
           4    0.165612    0.164781   0.0159867
           5    0.137868    0.159398   0.0136655
           6    0.162432    0.159904   0.0113973
           7    0.163572    0.160428  0.00978113
           8     0.16042    0.160427  0.00855849
           9    0.210724    0.166016    0.009254
          10    0.105184    0.159932   0.0101326
          11    0.126144    0.156861  0.00966585
          12    0.153856     0.15661   0.0088636
          13     0.17248    0.157831  0.00826542
          14    0.182176     0.15957  0.00785583
          15    0.173448    0.160495  0.00738639
          16    0.156096     0.16022  0.00692985
          17    0.140124    0.159038  0.00662227
          18    0.140688    0.158019  0.00633235
          19    0.133456    0.156726  0.00612961
          20    0.138468    0.155813  0.00589072
           1    0.089208    0.089208           0
           2    0.140888    0.115048   0.0182716
           3    0.159856    0.129984   0.0172366
           4    0.138388    0.132085   0.0130549
           5    0.099264    0.125521   0.0119811
           6    0.168648    0.132709   0.0119474
           7    0.118644    0.130699   0.0104082
           8    0.155036    0.133742  0.00954137
           9    0.175628    0.138396  0.00954906
          10    0.104544     0.13501  0.00917458
          11    0.127392    0.134318  0.00836662
          12    0.146824     0.13536  0.00773404
          13    0.162004     0.13741  0.00740571
          14    0.157652    0.138855  0.00701645
          15    0.130788    0.138318  0.00656927
          16    0.118464    0.137077  0.00627479
          17    0.112652     0.13564  0.00606794
          18    0.121492    0.134854  0.00578152
          19    0.113688     0.13374  0.00558352
          20    0.113668    0.132736  0.00539378
           1     0.06206     0.06206           0
           2    0.138156    0.100108    0.026904
           3    0.148768    0.116328   0.0222956
           4    0.113964    0.115737   0.0167295
           5     0.07792    0.108174   0.0149962
           6    0.138884    0.113292   0.0133417
           7    0.121036    0.114398   0.0114815
           8    0.126608    0.115925   0.0101473
           9    0.160364    0.120862   0.0101503
          10    0.087832    0.117559  0.00965777
          11    0.088948    0.114958  0.00912332
          12    0.119196    0.115311  0.00836987
          13    0.141264    0.117308  0.00796056
          14    0.137132    0.118724  0.00751683
          15     0.11692    0.118603  0.00701667
          16    0.103372    0.117652   0.0066424
          17    0.098524    0.116526  0.00634624
          18     0.10586    0.115934  0.00602128
          19    0.099648    0.115077  0.00576505
          20    0.106952     0.11467   0.0054911
           1    0.057688    0.057688           0
           2    0.101136    0.079412   0.0153612
           3    0.141008    0.099944   0.0196447
           4      0.0947    0.098633   0.0147772
           5    0.070188    0.092944   0.0128704
           6    0.119244   0.0973273   0.0114474
           7    0.109012   0.0989966  0.00993304
           8       0.123    0.101997  0.00913334
           9    0.140588    0.106285  0.00906937
          10     0.08384     0.10404   0.0084356
          11    0.065316     0.10052  0.00837113
          12    0.115676    0.101783  0.00776823
          13    0.121312    0.103285  0.00731449
          14     0.12244    0.104653   0.0069188
          15    0.113136    0.105219  0.00648062
          16    0.085948    0.104014  0.00618649
          17    0.087796     0.10306  0.00589568
          18     0.08784    0.102215  0.00562846
          19    0.089296    0.101535  0.00537313
          20    0.102412    0.101579  0.00510466
           1    0.053016    0.053016           0
           2    0.084296    0.068656   0.0110592
           3    0.127452   0.0882547    0.017619
           4    0.082128    0.086723   0.0132807
           5       0.064   0.0821784   0.0113756
           6    0.114108      0.0875   0.0106519
           7    0.103608   0.0898011  0.00937547
           8    0.120456    0.093633  0.00895241
           9    0.119992   0.0965618  0.00842316
          10    0.070832   0.0939888  0.00796413
          11     0.05526    0.090468  0.00798051
          12    0.101416   0.0913803  0.00736743
          13    0.094256   0.0916015  0.00680402
          14     0.11446   0.0932343  0.00651098
          15    0.088288   0.0929045  0.00608526
          16    0.082544    0.092257  0.00573928
          17    0.077788   0.0914059  0.00546442
          18    0.092936   0.0914909   0.0051615
          19     0.06238   0.0899587  0.00511219
          20    0.096096   0.0902656  0.00486578
           1    0.044464    0.044464           0
           2    0.068732    0.056598  0.00858003
           3    0.110232    0.074476    0.015678
           4    0.067828    0.072814   0.0118463
           5    0.051328   0.0685168   0.0102268
           6    0.091524   0.0723513  0.00921319
           7    0.090316   0.0749177  0.00824671
           8    0.107044   0.0789335  0.00813508
           9    0.111156   0.0825138  0.00798023
          10    0.065792   0.0808416  0.00735532
          11    0.045188   0.0776004  0.00736627
          12    0.091804    0.078784  0.00684685
          13    0.083648   0.0791582  0.00633038
          14    0.099988    0.080646  0.00605053
          15    0.089872   0.0812611  0.00567834
          16    0.088784   0.0817312  0.00534287
          17    0.077328   0.0814722  0.00503486
          18    0.078764   0.0813218  0.00475739
          19    0.065524   0.0804903  0.00457909
          20     0.08406   0.0806688  0.00435361
           1    0.041064    0.041064           0
           2    0.059192    0.050128  0.00640922
           3    0.102908   0.0677213   0.0149869
           4    0.059756     0.06573   0.0113717
           5    0.042764   0.0611368  0.00998198
           6    0.085144    0.065138  0.00908492
           7    0.077008   0.0668337  0.00794375
           8     0.10018    0.071002   0.0079697
           9    0.099764   0.0741978   0.0076983
          10     0.05396    0.072174  0.00718956
          11    0.036032   0.0688884  0.00724796
          12    0.076032   0.0694837  0.00666836
          13    0.080564    0.070336  0.00620964
          14    0.090332   0.0717643  0.00592808
          15     0.07984   0.0723027  0.00555727
          16       0.066   0.0719087  0.00522388
          17     0.06238   0.0713482  0.00494658
          18    0.068568   0.0711938  0.00467418
          19    0.061008   0.0706577   0.0044588
          20    0.072092   0.0707294  0.00423644
           1    0.039612    0.039612           0
           2    0.041616    0.040614 0.000708521
           3    0.094508   0.0585787   0.0146757
           4    0.046864     0.05565   0.0112952
           5    0.032844   0.0510888  0.00991443
           6     0.07284    0.054714  0.00890016
           7    0.079056   0.0581914  0.00828023
           8    0.090032   0.0621715  0.00814578
           9    0.086148   0.0648356  0.00766396
          10    0.052052   0.0635572  0.00700337
          11    0.042104   0.0616069   0.0066327
          12    0.061804   0.0616233  0.00607999
          13    0.078808   0.0629452  0.00575421
          14    0.083424    0.064408  0.00552599
          15    0.077192   0.0652603   0.0052229
          16    0.058388   0.0648308   0.0049141
          17    0.052088   0.0640812  0.00468185
          18    0.064764   0.0641191   0.0044219
          19    0.051092   0.0634335    0.004242
          20    0.067712   0.0636474  0.00403529
           1    0.029808    0.029808           0
           2     0.03754    0.033674  0.00273367
           3    0.091936   0.0530947   0.0159613
           4      0.0532    0.053121    0.011971
           5      0.0366   0.0498168   0.0100224
           6    0.064452    0.052256  0.00864375
           7    0.064648   0.0540263  0.00758805
           8    0.077808    0.056999  0.00719833
           9    0.076052    0.059116  0.00670259
          10     0.04066   0.0572704  0.00628129
          11    0.025868   0.0544156  0.00632581
          12    0.057456    0.054669  0.00580373
          13    0.073296   0.0561018  0.00553134
          14    0.075612   0.0574954  0.00530889
          15    0.070264   0.0583467  0.00502275
          16    0.053456    0.058041  0.00471812
          17    0.055224   0.0578753  0.00444349
          18     0.05074   0.0574789  0.00421427
          19    0.045604   0.0568539  0.00403855
          20    0.065516    0.057287  0.00385978
           1    0.026056    0.026056           0
           2    0.032712    0.029384  0.00235325
           3    0.082048   0.0469387   0.0144189
           4     0.05354    0.048589   0.0109082
           5    0.031444     0.04516  0.00924985
           6    0.054828   0.0467713   0.0078473
           7    0.065432   0.0494371  0.00716477
           8    0.064048   0.0512635  0.00649778
           9     0.06152   0.0524031  0.00587489
          10     0.05056   0.0522188  0.00529029
          11    0.024576   0.0497058  0.00537316
          12     0.04986   0.0497187  0.00492541
          13    0.070464   0.0513145  0.00479809
          14    0.070032   0.0526514   0.0046379
          15    0.058564   0.0530456  0.00434542
          16    0.051552   0.0529522  0.00407484
          17     0.05642   0.0531562  0.00384024
          18    0.045236   0.0527162  0.00365202
          19    0.040352   0.0520655  0.00351731
          20    0.064572   0.0526908  0.00339657
           1    0.023616    0.023616           0
           2    0.025492    0.024554 0.000663266
           3    0.072872     0.04066   0.0131579
           4     0.06052    0.045625   0.0107645
           5     0.03192    0.042884  0.00895378
           6     0.05616   0.0450967  0.00773005
           7    0.056028   0.0466583  0.00678166
           8    0.051896    0.047313  0.00596547
           9    0.054128   0.0480702  0.00535049
          10     0.04422   0.0476852  0.00482927
          11    0.022928   0.0454345  0.00488664
          12    0.047008   0.0455657  0.00448118
          13    0.063856   0.0469726  0.00435174
          14    0.062456   0.0480786  0.00417907
          15    0.047128   0.0480152  0.00390095
          16    0.044328   0.0477848  0.00366394
          17    0.056464   0.0482953   0.0034838
          18    0.035928   0.0476082  0.00335732
          19     0.04118   0.0472699  0.00319763
          20    0.061964   0.0480046  0.00312101
           1     0.01834     0.01834           0
           2    0.028264    0.023302  0.00350866
           3    0.067668   0.0380907   0.0122994
           4      0.0492    0.040868  0.00953295
           5    0.030016   0.0386976  0.00786955
           6    0.051376   0.0408107  0.00683577
           7    0.046328   0.0415989   0.0059045
           8     0.04632    0.042189  0.00519584
           9    0.056552   0.0437849  0.00485743
          10    0.039476    0.043354  0.00439076
          11    0.018656   0.0411087  0.00452944
          12    0.036352   0.0407123   0.0041693
          13    0.059828   0.0421828  0.00409969
          14    0.055108    0.043106  0.00390942
          15    0.046536   0.0433347  0.00365548
          16    0.040148   0.0431355  0.00343243
          17     0.05422   0.0437875  0.00329187
          18     0.03184   0.0431238   0.0031752
          19     0.04498   0.0432215  0.00300959
          20    0.055624   0.0438416   0.0029223
           1    0.022216    0.022216           0
           2    0.027596    0.024906  0.00190212
           3     0.06528    0.038364   0.0110613
           4    0.050308     0.04135   0.0086897
           5    0.029388   0.0389576  0.00727364
           6    0.036732   0.0385867  0.00607081
           7     0.04616   0.0396686  0.00529908
           8    0.042448    0.040016  0.00464807
           9    0.053972   0.0415667  0.00438266
          10    0.035964   0.0410064  0.00398004
          11    0.015832   0.0387178  0.00422528
          12      0.0318   0.0381413   0.0039123
          13     0.05578   0.0394982  0.00383943
          14    0.050032   0.0402506  0.00363817
          15    0.038348   0.0401237  0.00339783
          16      0.0413   0.0401973  0.00318626
          17     0.04894   0.0407115  0.00304006
          18      0.0316   0.0402053    0.002913
          19     0.03872   0.0401272  0.00276073
          20    0.051808   0.0407112  0.00268376
           1    0.020952    0.020952           0
           2    0.022792    0.021872 0.000650538
           3    0.058808    0.034184   0.0100621
           4    0.045728     0.03707  0.00794966
           5     0.02862     0.03538  0.00653689
           6     0.03566   0.0354267  0.00544758
           7    0.042956   0.0365023  0.00477436
           8    0.041224   0.0370925  0.00421389
           9    0.050396   0.0385707  0.00399654
          10    0.034436   0.0381572  0.00361821
          11    0.019332   0.0364458  0.00367178
          12     0.02874   0.0358037  0.00342149
          13    0.051688   0.0370255  0.00336942
          14     0.04942   0.0379109  0.00324297
          15      0.0307   0.0374301  0.00306219
          16    0.042592   0.0377527  0.00288775
          17    0.039668   0.0378654  0.00272008
          18    0.032744   0.0375809   0.0025838
          19    0.036312   0.0375141  0.00244867
          20    0.045804   0.0379286  0.00236106
           1    0.020144    0.020144           0
           2    0.023008    0.021576  0.00101258
           3     0.05202    0.031724  0.00831326
           4    0.044028      0.0348  0.00678018
           5    0.026268   0.0330936  0.00563478
           6     0.03342    0.033148  0.00469592
           7    0.040904    0.034256  0.00415373
           8    0.033848    0.034205  0.00363483
           9    0.043228   0.0352076  0.00336638
          10    0.031552    0.034842  0.00304953
          11       0.021   0.0335836  0.00302079
          12       0.031   0.0333683  0.00277672
          13    0.046012   0.0343409  0.00272814
          14     0.04846   0.0353494  0.00271329
          15     0.02798   0.0348581   0.0025765
          16    0.039464    0.035146  0.00243149
          17    0.033884   0.0350718   0.0022896
          18    0.029028    0.034736  0.00218688
          19    0.032924   0.0346406  0.00207386
          20    0.041148    0.034966  0.00199553
           1    0.020408    0.020408           0
           2    0.022956    0.021682 0.000900854
           3     0.04944   0.0309347   0.0075786
           4    0.041912    0.033679  0.00616083
           5    0.025728   0.0320888  0.00512979
           6     0.03232   0.0321273  0.00427497
           7    0.035364   0.0325897  0.00368918
           8     0.03362   0.0327185  0.00323028
           9     0.04018   0.0335476  0.00297585
          10    0.028576   0.0330504  0.00271947
          11     0.01928   0.0317985   0.0027453
          12    0.028212   0.0314997  0.00253274
          13     0.03896   0.0320735  0.00240205
          14     0.04704   0.0331426  0.00245687
          15    0.030348   0.0329563  0.00230014
          16    0.039388   0.0333582  0.00219122
          17    0.028636   0.0330805  0.00207986
          18    0.026404   0.0327096  0.00199711
          19    0.029232   0.0325265  0.00190037
          20    0.037964   0.0327984  0.00182469
           1    0.019792    0.019792           0
           2    0.023012    0.021402  0.00113844
           3    0.045116   0.0293067   0.0064986
           4    0.040632    0.032138  0.00545598
           5    0.026976   0.0311056  0.00446139
           6    0.030824   0.0310587  0.00371808
           7    0.031808   0.0311657  0.00318846
           8    0.029068   0.0309035  0.00280067
           9     0.03684   0.0315631  0.00256598
          10     0.02728   0.0311348  0.00234486
          11    0.017716   0.0299149  0.00242836
          12    0.029664    0.029894  0.00222609
          13    0.034324   0.0302348  0.00208077
          14    0.044324   0.0312411  0.00216186
          15     0.02764   0.0310011  0.00203102
          16    0.035384    0.031275  0.00192247
          17    0.027684   0.0310638  0.00182095
          18    0.026992   0.0308376  0.00173378
          19     0.02744   0.0306587  0.00165172
          20    0.037008   0.0309762  0.00159935
           1    0.017052    0.017052           0
           2     0.02274    0.019896  0.00201101
           3    0.040384   0.0267253  0.00573503
           4    0.039792    0.029992  0.00514823
           5    0.029648   0.0299232  0.00411905
           6    0.030704   0.0300533  0.00343459
           7    0.030136   0.0300651  0.00294396
           8    0.027588   0.0297555   0.0025922
           9    0.034308   0.0302613  0.00235301
          10    0.029532   0.0301884  0.00211884
          11    0.015272   0.0288324  0.00231991
          12      0.0295    0.028888  0.00212725
          13    0.030932   0.0290452  0.00196942
          14    0.042032   0.0299729  0.00203552
          15    0.023204   0.0295216   0.0019492
          16    0.033616   0.0297775  0.00184409
          17    0.025764   0.0295414  0.00175066
          18    0.028968   0.0295096  0.00165369
          19     0.02512   0.0292785  0.00158271
          20     0.03736   0.0296826   0.0015543
           1    0.014676    0.014676           0
           2     0.01986    0.017268  0.00183282
           3    0.041196    0.025244  0.00662601
           4    0.036532    0.028066  0.00553794
           5    0.032152   0.0288832  0.00449024
           6    0.029476    0.028982  0.00374296
           7    0.025556   0.0284926  0.00324009
           8     0.02706   0.0283135  0.00284002
           9    0.028504   0.0283347  0.00252454
          10     0.02812   0.0283132  0.00227218
          11    0.015024   0.0271051  0.00236508
          12    0.030956    0.027426  0.00218966
          13    0.029424   0.0275797  0.00202661
          14    0.042172    0.028622  0.00213311
          15    0.020792      0.0281  0.00205378
          16    0.030192   0.0282307  0.00192958
          17    0.022268     0.02788  0.00184768
          18    0.027224   0.0278436  0.00174539
          19    0.020964   0.0274815  0.00169066
          20    0.035984   0.0279066  0.00165872
           1    0.014416    0.014416           0
           2    0.021488    0.017952  0.00250033
           3    0.035956   0.0239533  0.00517583
           4    0.032948    0.026202  0.00434296
           5    0.035196   0.0280008  0.00382881
           6    0.029828   0.0283053  0.00320276
           7    0.026984   0.0281166  0.00275078
           8    0.026796   0.0279515  0.00241188
           9      0.0291   0.0280791  0.00214727
          10    0.025948    0.027866  0.00194309
          11    0.016396   0.0268233  0.00202701
          12    0.029392   0.0270373  0.00186936
          13      0.0283   0.0271345  0.00172808
          14      0.0376    0.027882  0.00175892
          15     0.02148   0.0274552  0.00169265
          16    0.026012    0.027365  0.00158926
          17    0.020264   0.0269473  0.00154969
          18    0.024624   0.0268182  0.00146896
          19    0.020132   0.0264663  0.00143318
          20    0.036004   0.0269432  0.00143868
           1    0.012908    0.012908           0
           2    0.022668    0.017788  0.00345068
           3    0.034608   0.0233947  0.00512334
           4    0.032956    0.025785  0.00436464
           5    0.032844   0.0271968  0.00371303
           6    0.027788   0.0272953   0.0030955
           7    0.023732   0.0267863  0.00269482
           8    0.024916   0.0265525  0.00236808
           9     0.02652   0.0265489  0.00210497
          10    0.026132   0.0265072  0.00189488
          11    0.015792   0.0255331  0.00195705
          12    0.026608   0.0256227  0.00179601
          13    0.030492   0.0259972  0.00169647
          14     0.03908   0.0269317   0.0018145
          15     0.02184   0.0265923  0.00172499
          16    0.023316   0.0263875  0.00162929
          17    0.017916   0.0258892  0.00160785
          18     0.02044   0.0255864  0.00154676
          19    0.018624     0.02522  0.00150814
          20    0.033764   0.0256472  0.00149201
