           1    0.336686    0.336686           0
           2    0.354271    0.345479  0.00621736
           3    0.320201    0.337053  0.00803178
           4    0.358021    0.342295   0.0075429
           5    0.332578    0.340351  0.00627965
           6     0.38592    0.347946  0.00868634
           7    0.328244    0.345132  0.00788825
           8    0.315834     0.34147  0.00770557
           9    0.291327    0.335898  0.00863168
          10    0.369754    0.339284  0.00840629
          11    0.351884    0.340429  0.00771974
          12    0.382698    0.343952  0.00783896
          13    0.350432     0.34445   0.0072518
          14     0.29918    0.341217  0.00741979
          15    0.332411     0.34063  0.00694832
          16    0.335903    0.340334  0.00652033
          17    0.287436    0.337223  0.00683906
          18    0.324825    0.336534   0.0064937
          19    0.256874    0.332341  0.00738234
          20    0.361144    0.333781  0.00715231
           1    0.416187    0.416187           0
           2    0.415727    0.415957 0.000162733
           3    0.388127    0.406681  0.00757514
           4    0.404243    0.406071   0.0057058
           5    0.391807    0.403218  0.00522946
           6    0.380024    0.399353  0.00560749
           7    0.424293    0.402916  0.00582944
           8    0.373929    0.399292  0.00612412
           9    0.347362    0.393522  0.00769595
          10    0.394355    0.393606   0.0069268
          11    0.393812    0.393624  0.00629712
          12     0.39181    0.393473  0.00577417
          13    0.392345    0.393386  0.00533066
          14    0.392555    0.393327  0.00495023
          15    0.355587    0.390811  0.00522059
          16    0.378972    0.390071  0.00494646
          17    0.386684    0.389872  0.00465951
          18    0.380762    0.389366  0.00442805
          19    0.369588    0.388325  0.00431561
          20    0.422958    0.390056  0.00443365
           1    0.372653    0.372653           0
           2    0.441642    0.407147   0.0243912
           3    0.411555    0.408616    0.016305
           4     0.44134    0.416797   0.0141328
           5     0.43009    0.419456   0.0115536
           6    0.384958    0.413706   0.0109657
           7    0.413529    0.413681  0.00939922
           8    0.428131    0.415487  0.00839607
           9    0.444668    0.418729  0.00806494
          10    0.384278    0.415284  0.00796035
          11    0.447672    0.418229  0.00776211
          12     0.39844     0.41658  0.00728833
          13    0.402187    0.415472  0.00681125
          14    0.400887    0.414431  0.00640391
          15    0.379344    0.412092  0.00638991
          16    0.386143     0.41047  0.00619293
          17    0.456427    0.413173  0.00639152
          18    0.402982    0.412607  0.00606146
          19    0.471603    0.415712  0.00648918
          20     0.40592    0.415222  0.00618316
           1    0.403564    0.403564           0
           2    0.444827    0.424195   0.0145887
           3    0.406167    0.418186   0.0108934
           4    0.451188    0.426436   0.0108538
           5    0.420611    0.425271  0.00874532
           6    0.382988    0.418224  0.00972098
           7    0.440902    0.421464  0.00885568
           8    0.426932    0.422147  0.00777505
           9    0.457676    0.426095   0.0078496
          10    0.445635    0.428049   0.0073038
          11    0.429383     0.42817  0.00664082
          12    0.419104    0.427415  0.00613025
          13    0.423152    0.427087  0.00566746
          14    0.390019    0.424439   0.0058485
          15    0.411636    0.423586  0.00552053
          16    0.420089    0.423367  0.00517982
          17    0.426117    0.423529  0.00487765
          18    0.418027    0.423223  0.00461624
          19    0.439483    0.424079  0.00445189
          20    0.433512    0.424551  0.00425421
           1     0.44372     0.44372           0
           2    0.431014    0.437367  0.00449248
           3    0.443486    0.439407  0.00342687
           4    0.439689    0.439477  0.00257088
           5    0.391598    0.429901  0.00880828
           6    0.382541    0.422008   0.0102859
           7    0.377503     0.41565   0.0106009
           8    0.430459    0.417501    0.009436
           9    0.425233     0.41836  0.00842658
          10    0.425039    0.419028  0.00761034
          11    0.432712    0.420272  0.00701942
          12    0.418198    0.420099   0.0064366
          13    0.429543    0.420826  0.00598233
          14    0.422551    0.420949  0.00555629
          15    0.445933    0.422615  0.00542978
          16    0.410767    0.421874  0.00514067
          17    0.447034    0.423354  0.00504682
          18    0.436562    0.424088  0.00481949
          19    0.454461    0.425686  0.00482368
          20    0.402095    0.424507  0.00472452
           1     0.41007     0.41007           0
           2     0.44338    0.426725   0.0117769
           3    0.431843    0.428431  0.00797388
           4    0.451392    0.434171  0.00777672
           5    0.403012    0.427939  0.00835317
           6    0.421485    0.426864   0.0070299
           7    0.404816    0.423714  0.00669413
           8    0.445387    0.426423  0.00638207
           9    0.409957    0.424594  0.00592939
          10    0.485664    0.430701  0.00787682
          11    0.431316    0.430757  0.00716095
          12    0.466186    0.433709  0.00714698
          13    0.447863    0.434798  0.00667963
          14    0.425851    0.434159  0.00623301
          15     0.43516    0.434226  0.00581783
          16    0.430914    0.434019   0.0054579
          17     0.42443    0.433455  0.00516591
          18    0.434467    0.433511  0.00487922
          19    0.446458    0.434192  0.00466976
          20    0.395042    0.432235  0.00482916
           1    0.441648    0.441648           0
           2    0.425455    0.433552  0.00572507
           3    0.446992    0.438032  0.00528664
           4    0.466886    0.445245   0.0073992
           5    0.436045    0.443405  0.00614391
           6    0.386878    0.433984   0.0100089
           7     0.46112    0.437861  0.00929954
           8    0.447166    0.439024  0.00820952
           9    0.442776    0.439441  0.00730793
          10    0.437445    0.439241  0.00657986
          11      0.4259    0.438028  0.00609244
          12    0.437873    0.438016  0.00558475
          13    0.426189    0.437106  0.00522872
          14    0.433111     0.43682  0.00486302
          15     0.45058    0.437738  0.00462453
          16    0.428554    0.437164  0.00437097
          17    0.431761    0.436846  0.00412539
          18    0.438534     0.43694  0.00389727
          19    0.427026    0.436418  0.00372691
          20    0.415515    0.435373   0.0036842
           1     0.45494     0.45494           0
           2     0.42467    0.439805   0.0107019
           3    0.440872    0.440161  0.00714053
           4    0.465953    0.446609  0.00773711
           5    0.423478    0.441983  0.00744537
           6    0.408468    0.436397  0.00803095
           7    0.441037     0.43706  0.00691097
           8    0.434432    0.436731   0.0060549
           9    0.450335    0.438243   0.0055676
          10    0.466976    0.441116  0.00570428
          11    0.445666     0.44153  0.00520068
          12    0.443645    0.441706  0.00477028
          13    0.441796    0.441713  0.00440334
          14    0.429085    0.440811  0.00418018
          15    0.447465    0.441255  0.00392497
          16    0.431514    0.440646  0.00372658
          17    0.442996    0.440784  0.00350993
          18    0.452248    0.441421  0.00337222
          19    0.428904    0.440762  0.00325845
          20     0.45458    0.441453  0.00316792
           1    0.441582    0.441582           0
           2    0.406286    0.423934   0.0124789
           3    0.419944    0.422604  0.00838987
           4    0.466035    0.433462   0.0113143
           5    0.414423    0.429654  0.00967099
           6    0.437126    0.430899  0.00813895
           7    0.433768    0.431309  0.00698655
           8     0.45023    0.433674  0.00650123
           9    0.427219    0.432957   0.0058183
          10    0.435772    0.433239  0.00524328
          11    0.448879     0.43466  0.00495566
          12    0.436274    0.434795  0.00454451
          13    0.438408    0.435073  0.00420342
          14    0.440157    0.435436  0.00391884
          15    0.447665    0.436251  0.00374142
          16    0.441822    0.436599  0.00352374
          17    0.442376    0.436939  0.00333281
          18    0.434478    0.436802  0.00315046
          19    0.430609    0.436476  0.00300146
          20    0.424522    0.435879   0.0029103
           1    0.429598    0.429598           0
           2     0.42538    0.427489  0.00149126
           3    0.430528    0.428502  0.00129323
           4    0.424453     0.42749  0.00130731
           5    0.408989    0.423789  0.00347073
           6    0.434309    0.425543  0.00330561
           7    0.440319    0.427654  0.00344199
           8    0.428078    0.427707  0.00301215
           9    0.427007    0.427629  0.00267847
          10    0.414109    0.426277   0.0027306
          11    0.429024    0.426527  0.00249376
          12    0.434132     0.42716  0.00236511
          13    0.417716    0.426434  0.00229204
          14    0.416423    0.425719  0.00223708
          15      0.4245    0.425638  0.00208942
          16      0.4265    0.425692  0.00195953
          17    0.426377    0.425732  0.00184467
          18    0.432788    0.426124  0.00178336
          19    0.434146    0.426546  0.00173876
          20    0.429959    0.426717  0.00166017
           1     0.41654     0.41654           0
           2    0.417584    0.417062 0.000369345
           3    0.422434    0.418853  0.00148256
           4    0.418242      0.4187  0.00111975
           5    0.408243    0.416609  0.00207408
           6    0.411401    0.415741  0.00190132
           7     0.42792    0.417481  0.00229144
           8    0.428376    0.418842  0.00237549
           9    0.413877    0.418291  0.00217467
          10    0.419153    0.418377  0.00195891
          11    0.414355    0.418011  0.00181463
          12    0.418834     0.41808  0.00166471
          13    0.401985    0.416842  0.00194324
          14    0.406091    0.416074  0.00195027
          15    0.406865     0.41546  0.00191445
          16    0.410624    0.415158  0.00181849
          17    0.410274     0.41487  0.00173407
          18    0.405693    0.414361  0.00171104
          19    0.412396    0.414257  0.00162411
          20    0.416248    0.414357  0.00154595
           1    0.386425    0.386425           0
           2    0.416772    0.401599   0.0107293
           3    0.397427    0.400208  0.00724239
           4    0.412714    0.403335  0.00606921
           5    0.406166    0.403901   0.0048817
           6    0.405484    0.404165   0.0040752
           7    0.399975    0.403566   0.0035367
           8    0.420568    0.405692  0.00367814
           9    0.415747    0.406809  0.00343497
          10    0.406296    0.406758  0.00309186
          11    0.404301    0.406534  0.00281883
          12     0.40562    0.406458  0.00258496
          13    0.387295    0.404984  0.00277477
          14    0.403579    0.404884  0.00257838
          15    0.410348    0.405248  0.00243209
          16    0.403591    0.405144  0.00228229
          17    0.399866    0.404834  0.00216905
          18    0.396896    0.404393   0.0020929
          19    0.399865    0.404155  0.00199627
          20    0.403113    0.404102  0.00189713
           1    0.380355    0.380355           0
           2     0.39292    0.386637  0.00444228
           3    0.387641    0.386972   0.0029741
           4    0.394884     0.38895  0.00281247
           5    0.396848     0.39053  0.00265678
           6    0.388729    0.390229  0.00223087
           7    0.406294    0.392524  0.00285849
           8    0.404624    0.394037  0.00287357
           9    0.383538     0.39287  0.00278099
          10    0.381943    0.391778  0.00270909
          11    0.390628    0.391673  0.00246483
          12    0.397358    0.392147   0.0023045
          13    0.383716    0.391498  0.00221662
          14    0.393382    0.391633  0.00206236
          15    0.391143      0.3916  0.00192513
          16    0.380733    0.390921   0.0019209
          17    0.391887    0.390978  0.00180874
          18    0.398412    0.391391  0.00175478
          19    0.380723    0.390829  0.00174995
          20    0.382363    0.390406  0.00171288
           1    0.371855    0.371855           0
           2    0.376422    0.374139  0.00161464
           3    0.370292    0.372856  0.00150152
           4    0.367615    0.371546  0.00159877
           5     0.39035    0.375307  0.00359868
           6     0.38329    0.376637  0.00323554
           7    0.389388    0.378459  0.00324578
           8      0.3916    0.380102  0.00322908
           9    0.377421    0.379804  0.00288399
          10    0.381849    0.380008  0.00260283
          11    0.382862    0.380268   0.0023791
          12    0.386321    0.380772  0.00223369
          13    0.362669     0.37938  0.00245791
          14    0.372695    0.378902  0.00232825
          15    0.380047    0.378978  0.00217428
          16    0.364667    0.378084  0.00221476
          17    0.379839    0.378187  0.00208688
          18    0.378067     0.37818  0.00197095
          19    0.374701    0.377997  0.00187571
          20    0.377536    0.377974  0.00178207
           1    0.370705    0.370705           0
           2     0.36186    0.366283  0.00312729
           3    0.366159    0.366242  0.00208513
           4    0.364498    0.365806  0.00160877
           5    0.370329     0.36671  0.00152024
           6    0.378392    0.368657  0.00218264
           7    0.376608    0.369793  0.00214609
           8    0.366029    0.369323  0.00192871
           9    0.354591    0.367686  0.00230666
          10    0.373166    0.368234  0.00214011
          11    0.383424    0.369615  0.00234922
          12    0.369492    0.369605  0.00215347
          13    0.355079    0.368487  0.00225918
          14    0.374886    0.368944  0.00214354
          15    0.362836    0.368537  0.00203895
          16     0.36423    0.368268  0.00192921
          17    0.357733    0.367648  0.00191267
          18    0.354569    0.366922  0.00193952
          19    0.359784    0.366546  0.00187347
          20    0.366485    0.366543  0.00177979
           1    0.349356    0.349356           0
           2    0.357273    0.353315  0.00279907
           3    0.343799    0.350143  0.00319201
           4    0.345785    0.349053  0.00257319
           5    0.353666    0.349976  0.00221773
           6    0.362441    0.352053  0.00264806
           7    0.357986    0.352901  0.00240157
           8    0.359736    0.353755  0.00224823
           9     0.34926    0.353256  0.00205317
          10    0.357788    0.353709  0.00189723
          11    0.352728     0.35362  0.00172685
          12    0.345932    0.352979  0.00169762
          13    0.339613    0.351951  0.00185239
          14    0.354468    0.352131  0.00172878
          15    0.346947    0.351785   0.0016477
          16    0.346872    0.351478  0.00157308
          17    0.347378    0.351237  0.00149892
          18    0.339966    0.350611   0.0015409
          19     0.34955    0.350555  0.00146081
          20    0.352592    0.350657  0.00139131
           1    0.332721    0.332721           0
           2    0.334894    0.333807 0.000768163
           3    0.337292    0.334969  0.00107789
           4    0.333182    0.334522 0.000896187
           5    0.336505    0.334919 0.000799894
           6    0.344504    0.336516   0.0016034
           7    0.339117    0.336888  0.00141672
           8    0.338897    0.337139   0.0012617
           9    0.340051    0.337463  0.00116224
          10    0.346382    0.338354   0.0013454
          11    0.336594    0.338194  0.00123257
          12    0.329884    0.337502  0.00131004
          13    0.342213    0.337864  0.00125839
          14    0.335254    0.337678  0.00118224
          15     0.32803    0.337035  0.00126634
          16    0.349145    0.337792  0.00139518
          17    0.338519    0.337834  0.00131377
          18    0.333664    0.337603  0.00126104
          19    0.341485    0.337807  0.00121111
          20     0.33887     0.33786  0.00115172
           1      0.3164      0.3164           0
           2    0.320032    0.318216  0.00128417
           3    0.323161    0.319864  0.00159506
           4    0.321937    0.320383  0.00127771
           5    0.327043    0.321715  0.00156982
           6    0.321447     0.32167  0.00130882
           7     0.33052    0.322934  0.00162126
           8    0.325145    0.323211  0.00144196
           9     0.32318    0.323207  0.00128174
          10    0.328707    0.323757  0.00126609
          11    0.324061    0.323785  0.00115129
          12    0.317982    0.323301  0.00115243
          13    0.312039    0.322435  0.00135071
          14    0.318071    0.322123   0.0012897
          15    0.327011    0.322449   0.0012442
          16    0.324984    0.322607  0.00117648
          17    0.325806    0.322796  0.00112222
          18    0.325199    0.322929  0.00106779
          19    0.324215    0.322997  0.00101374
          20    0.328324    0.323263 0.000997428
           1    0.311267    0.311267           0
           2    0.303625    0.307446  0.00270214
           3    0.312586    0.309159  0.00228083
           4    0.302449    0.307482  0.00224436
           5    0.311729    0.308331  0.00194964
           6     0.30879    0.308408   0.0016262
           7    0.312793    0.309034  0.00150975
           8    0.310032    0.309159  0.00132618
           9    0.309238    0.309168  0.00117886
          10    0.306969    0.308948  0.00108128
          11    0.310208    0.309062 0.000989029
          12    0.307779    0.308955 0.000912378
          13     0.30671    0.308783 0.000858393
          14    0.313678    0.309132 0.000865374
          15    0.308153    0.309067  0.00081014
          16     0.31349    0.309343 0.000805279
          17     0.29801    0.308677 0.000996378
          18    0.314132     0.30898 0.000986041
          19    0.307153    0.308884 0.000938823
          20    0.309816     0.30893 0.000893039
           1    0.302574    0.302574           0
           2    0.295651    0.299112  0.00244741
           3     0.29615    0.298125  0.00181997
           4    0.295269    0.297411   0.0014985
           5    0.299115    0.297752  0.00123694
           6    0.291377    0.296689  0.00141538
           7    0.300977    0.297302  0.00133918
           8    0.296756    0.297233  0.00117352
           9    0.301527    0.297711  0.00113598
          10    0.298022    0.297742  0.00102281
          11    0.296266    0.297608 0.000938586
          12    0.302585    0.298022 0.000947592
          13    0.290891    0.297474  0.00102122
          14    0.299603    0.297626 0.000959535
          15    0.290858    0.297175 0.000996014
          16    0.291623    0.296828 0.000992364
          17    0.284285     0.29609  0.00117672
          18    0.298032    0.296198  0.00111629
          19    0.302043    0.296505  0.00109911
          20    0.294199     0.29639  0.00105019
           1    0.288746    0.288746           0
           2    0.283729    0.286238   0.0017736
           3    0.281328    0.284601  0.00178434
           4    0.276149    0.282488  0.00226701
           5    0.285812    0.283153  0.00190861
           6    0.278744    0.282418  0.00172616
           7    0.287546    0.283151  0.00162762
           8    0.286897    0.283619  0.00149002
           9    0.291296    0.284472  0.00154949
          10    0.285695    0.284594  0.00139936
          11    0.280191    0.284194  0.00132817
          12    0.287175    0.284442  0.00124051
          13    0.280391    0.284131  0.00118358
          14    0.283799    0.284107  0.00109928
          15    0.283469    0.284065  0.00102681
          16    0.278448    0.283713  0.00102088
          17    0.273285      0.2831  0.00113021
          18    0.284878    0.283199  0.00107173
          19    0.278504    0.282952  0.00104342
          20    0.285251    0.283067 0.000997565
           1    0.280322    0.280322           0
           2    0.277423    0.278873  0.00102505
           3    0.273117    0.276954  0.00170908
           4    0.265937      0.2742  0.00270785
           5    0.271705    0.273701  0.00221179
           6    0.272677     0.27353  0.00184972
           7    0.271044    0.273175  0.00161922
           8    0.270076    0.272788  0.00146243
           9    0.275885    0.273132  0.00133982
          10    0.272243    0.273043  0.00120878
          11    0.266422    0.272441  0.00123972
          12      0.2724    0.272438  0.00113642
          13    0.268609    0.272143  0.00108649
          14    0.274855    0.272337    0.001026
          15    0.276156    0.272591 0.000988694
          16    0.270325     0.27245 0.000936993
          17    0.271751    0.272409 0.000882778
          18    0.269734     0.27226 0.000846146
          19    0.271938    0.272243 0.000801782
          20    0.283382      0.2728 0.000935335
           1    0.270362    0.270362           0
           2    0.264881    0.267622  0.00193765
           3    0.270989    0.268744  0.00158383
           4    0.251231    0.264366  0.00397335
           5    0.268173    0.265127  0.00325081
           6      0.2618    0.264573  0.00275591
           7    0.259681    0.263874  0.00244918
           8    0.260026    0.263393  0.00218976
           9    0.262394    0.263282  0.00194927
          10    0.264919    0.263445   0.0017612
          11     0.25584    0.262754  0.00173151
          12    0.260795    0.262591  0.00159489
          13    0.268374    0.263036    0.001533
          14    0.261021    0.262892  0.00143024
          15    0.262632    0.262874  0.00133499
          16    0.249914    0.262064  0.00147701
          17    0.260847    0.261993  0.00139186
          18    0.259675    0.261864  0.00132048
          19    0.261483    0.261844  0.00125113
          20    0.266104    0.262057  0.00120657
           1    0.256443    0.256443           0
           2    0.255404    0.255923 0.000367516
           3    0.254784    0.255544 0.000395102
           4    0.240953    0.251896   0.0031729
           5    0.253598    0.252236  0.00255653
           6    0.247543    0.251454  0.00224693
           7    0.251619    0.251478  0.00192606
           8    0.251936    0.251535  0.00168615
           9     0.25366    0.251771  0.00151524
          10    0.250653    0.251659  0.00136783
          11    0.245057    0.251059  0.00136884
          12    0.254045    0.251308  0.00127719
          13    0.255133    0.251602  0.00121236
          14    0.248058    0.251349  0.00115189
          15    0.250122    0.251267    0.001078
          16    0.250668     0.25123  0.00101127
          17    0.253592    0.251369 0.000961288
          18    0.248491    0.251209 0.000921082
          19    0.253992    0.251355 0.000884174
          20    0.256284    0.251602 0.000873635
           1     0.24504     0.24504           0
           2    0.244549    0.244794 0.000173563
           3    0.243571    0.244386 0.000352585
           4     0.23217    0.241332  0.00265817
           5    0.242776    0.241621  0.00214217
           6    0.235417    0.240587  0.00201935
           7    0.238121    0.240235  0.00176132
           8    0.242138    0.240473  0.00155714
           9    0.242483    0.240696  0.00140005
          10    0.241925    0.240819  0.00126543
          11    0.235967    0.240378  0.00122485
          12    0.249306    0.241122  0.00132969
          13    0.241312    0.241137  0.00122749
          14     0.23501    0.240699  0.00121531
          15    0.236685    0.240431  0.00116338
          16    0.239828    0.240394  0.00109128
          17    0.244123    0.240613  0.00104891
          18    0.239653     0.24056 0.000991988
          19    0.245826    0.240837 0.000977732
          20    0.243072    0.240949  0.00093521
           1    0.232679    0.232679           0
           2    0.233643    0.233161 0.000340752
           3    0.231397    0.232573 0.000530956
           4    0.226815    0.231134  0.00130867
           5    0.228285    0.230564  0.00116433
           6    0.223374    0.229366  0.00146227
           7    0.233302    0.229928  0.00135723
           8    0.234124    0.230452  0.00128493
           9    0.234474    0.230899  0.00121737
          10    0.233391    0.231148  0.00112085
          11    0.225512    0.230636  0.00113003
          12    0.236662    0.231138    0.001142
          13    0.234771    0.231418  0.00108781
          14     0.22794    0.231169  0.00103809
          15    0.230537    0.231127 0.000969743
          16    0.231904    0.231176 0.000910349
          17    0.232171    0.231234 0.000858678
          18    0.229377    0.231131 0.000817151
          19    0.230972    0.231123 0.000774186
          20     0.23823    0.231478 0.000812953
           1    0.220935    0.220935           0
           2     0.22173    0.221332 0.000281185
           3    0.223925    0.222196 0.000730019
           4    0.216318    0.220727  0.00138537
           5    0.216571    0.219896   0.0013345
           6    0.218958     0.21974  0.00112119
           7    0.225733    0.220596  0.00124578
           8    0.224498    0.221084  0.00118171
           9    0.223793    0.221385  0.00108809
          10    0.226857    0.221932  0.00110839
          11    0.214468    0.221253  0.00119745
          12    0.218963    0.221062  0.00111277
          13    0.224671     0.22134  0.00106123
          14    0.219459    0.221206 0.000993906
          15     0.22129    0.221211 0.000927662
          16    0.223987    0.221385 0.000885758
          17    0.220573    0.221337 0.000834942
          18    0.222763    0.221416 0.000792304
          19    0.224371    0.221572 0.000765716
          20    0.232611    0.222124 0.000904768
           1    0.213543    0.213543           0
           2    0.215253    0.214398 0.000604625
           3    0.213076    0.213957 0.000540295
           4    0.208834    0.212676  0.00118094
           5    0.209984    0.212138   0.0010604
           6    0.206656    0.211224  0.00121516
           7    0.215329    0.211811  0.00117458
           8    0.211704    0.211797  0.00102783
           9    0.218569     0.21255  0.00115668
          10    0.216717    0.212966  0.00111354
          11    0.208431    0.212554  0.00108597
          12    0.213832    0.212661  0.00100068
          13     0.21463    0.212812 0.000935096
          14    0.212573    0.212795  0.00086846
          15      0.2059    0.212335 0.000924241
          16    0.214593    0.212476 0.000877177
          17    0.214003    0.212566  0.00083016
          18    0.209718    0.212408 0.000798979
          19    0.216954    0.212647  0.00079195
          20    0.222771    0.213153 0.000899687
           1    0.208812    0.208812           0
           2    0.204812    0.206812  0.00141418
           3     0.20603    0.206551 0.000966501
           4    0.198453    0.204527  0.00189716
           5    0.200625    0.203746  0.00167053
           6    0.196446     0.20253   0.0017809
           7    0.206733     0.20313  0.00162459
           8    0.208742    0.203832  0.00156565
           9    0.213433    0.204898  0.00171709
          10    0.209706    0.205379  0.00161129
          11    0.201145    0.204994  0.00151009
          12    0.208736    0.205306  0.00141607
          13    0.205433    0.205316  0.00130717
          14    0.201448     0.20504  0.00124265
          15    0.200383    0.204729  0.00119796
          16    0.207597    0.204908  0.00113642
          17    0.207702    0.205073  0.00108139
          18    0.202247    0.204916  0.00103264
          19    0.208782    0.205119 0.000998141
          20    0.208698    0.205298  0.00096414
           1    0.196842    0.196842           0
           2    0.198107    0.197474 0.000447295
           3     0.20035    0.198433 0.000837563
           4    0.192655    0.196988  0.00139988
           5    0.194691    0.196529  0.00119293
           6    0.190342    0.195498  0.00136909
           7    0.195878    0.195552  0.00117458
           8    0.197739    0.195825   0.0010591
           9    0.199083    0.196187  0.00100137
          10    0.198026    0.196371 0.000917952
          11    0.197012     0.19643 0.000836349
          12    0.200368    0.196758 0.000828562
          13    0.199019    0.196932 0.000782865
          14    0.192492    0.196615 0.000788577
          15    0.195051     0.19651 0.000742866
          16    0.198289    0.196621 0.000704708
          17    0.196452    0.196611 0.000663325
          18    0.193839    0.196457 0.000644102
          19    0.198548    0.196568 0.000619529
          20    0.198745    0.196676 0.000598041
           1    0.323576    0.323576           0
           2    0.307558    0.315567  0.00566309
           3    0.334089    0.321741  0.00629795
           4    0.413165    0.344597   0.0203496
           5    0.281786    0.332035   0.0197806
           6    0.333536    0.332285   0.0164854
           7     0.32238     0.33087    0.014191
           8     0.41653    0.341578   0.0159532
           9    0.384844    0.346385   0.0148873
          10      0.3094    0.342687   0.0138504
          11    0.392358    0.347202    0.013307
          12    0.394293    0.351126   0.0127636
          13    0.313894    0.348262   0.0120989
          14    0.301574    0.344927   0.0116852
          15    0.244622     0.33824    0.012676
          16    0.384487    0.341131   0.0122088
          17    0.287371    0.337969   0.0118932
          18    0.327731      0.3374    0.011246
          19    0.318758    0.336419   0.0106969
          20    0.297931    0.334494   0.0103337
           1    0.362996    0.362996           0
           2    0.433049    0.398023   0.0247675
           3    0.372967    0.389671   0.0178645
           4    0.403579    0.393148   0.0137326
           5    0.416581    0.397834   0.0117586
           6    0.368439    0.392935   0.0107713
           7    0.389134    0.392392   0.0092462
           8     0.41551    0.395282  0.00853006
           9    0.407044    0.396589  0.00768174
          10    0.382183    0.395148  0.00704735
          11    0.369558    0.392822  0.00677979
          12    0.393633    0.392889  0.00621515
          13    0.395592    0.393097  0.00574053
          14    0.376918    0.391942  0.00544559
          15    0.344239    0.388761  0.00593901
          16    0.382066    0.388343  0.00558254
          17    0.455277     0.39228  0.00649588
          18    0.360311    0.390504  0.00637318
          19    0.356217      0.3887  0.00628805
          20    0.382622    0.388396  0.00598099
           1    0.393354    0.393354           0
           2    0.388779    0.391066  0.00161752
           3    0.377823    0.386652  0.00376232
           4    0.479671    0.409906   0.0203359
           5    0.389068    0.405739   0.0166904
           6    0.386752    0.402574   0.0142055
           7    0.370504    0.397993   0.0128938
           8    0.434733    0.402585   0.0120723
           9    0.417023    0.404189    0.010837
          10    0.409231    0.404694  0.00976498
          11    0.421084    0.406184  0.00899022
          12    0.411848    0.406656  0.00825341
          13    0.407578    0.406727  0.00761884
          14    0.437776    0.408944  0.00739039
          15    0.415647    0.409391  0.00691119
          16     0.42219    0.410191  0.00652537
          17    0.460231    0.413135  0.00677295
          18    0.383323    0.411479  0.00659607
          19    0.442622    0.413118  0.00644935
          20    0.404741    0.412699  0.00614047
           1    0.430192    0.430192           0
           2    0.396579    0.413385    0.011884
           3    0.397117    0.407962  0.00907602
           4    0.409793     0.40842  0.00681855
           5    0.382956    0.403327  0.00710667
           6    0.398963      0.4026  0.00595933
           7    0.354221    0.395689  0.00818736
           8    0.447709    0.402191  0.00939787
           9    0.426926     0.40494  0.00874629
          10    0.432699    0.407716   0.0083005
          11    0.409893    0.407913  0.00754827
          12    0.462667    0.412476   0.0081829
          13    0.424712    0.413417  0.00760738
          14    0.424474    0.414207  0.00710487
          15    0.461147    0.417336  0.00728786
          16    0.471106    0.420697  0.00756762
          17    0.424869    0.420942  0.00712644
          18    0.408815    0.420269   0.0067623
          19    0.442724    0.421451  0.00650885
          20    0.429622    0.421859  0.00619621
           1     0.42689     0.42689           0
           2    0.422118    0.424504  0.00168694
           3    0.408414     0.41914  0.00452133
           4    0.386648    0.411017  0.00780955
           5    0.408031     0.41042  0.00627043
           6    0.452581    0.417447  0.00827355
           7    0.423293    0.418282  0.00713363
           8     0.46347    0.423931    0.008178
           9    0.432695    0.424904  0.00732709
          10    0.393823    0.421796  0.00722358
          11    0.421478    0.421767  0.00656695
          12    0.372253    0.417641  0.00720024
          13    0.376656    0.414488  0.00730406
          14    0.432394    0.415767   0.0068934
          15    0.450734    0.418099   0.0068166
          16    0.409913    0.417587  0.00640974
          17    0.433816    0.418542  0.00610337
          18    0.437464    0.419593  0.00585413
          19     0.45073    0.421232  0.00577084
          20    0.460585    0.423199  0.00580807
           1    0.415535    0.415535           0
           2     0.41433    0.414932 0.000426044
           3    0.439885     0.42325  0.00679733
           4    0.441627    0.427844  0.00646692
           5    0.435819    0.429439   0.0053666
           6     0.42663    0.428971  0.00449255
           7    0.395934    0.424251  0.00582408
           8    0.482017    0.431472  0.00846117
           9    0.440507    0.432476  0.00758036
          10    0.408875    0.430116  0.00718032
          11    0.441272     0.43113   0.0065988
          12    0.413399    0.429653  0.00621212
          13    0.420562    0.428953  0.00577349
          14    0.464085    0.431463  0.00588122
          15    0.446167    0.432443  0.00557023
          16    0.424211    0.431928   0.0052458
          17    0.456792    0.433391  0.00513707
          18    0.452027    0.434426  0.00495491
          19    0.472314     0.43642  0.00507955
          20    0.439656    0.436582  0.00482815
           1     0.41341     0.41341           0
           2    0.411873    0.412642 0.000543237
           3    0.435924    0.420402  0.00634686
           4     0.46932    0.432632   0.0116115
           5    0.435072     0.43312  0.00929948
           6    0.439411    0.434168  0.00780846
           7    0.395273    0.428612  0.00844154
           8    0.455114    0.431925  0.00801006
           9    0.422651    0.430894  0.00718602
          10    0.416015    0.429406  0.00661967
          11    0.431399    0.429588  0.00602036
          12    0.449955    0.431285  0.00575295
          13    0.438043    0.431805  0.00533385
          14    0.439537    0.432357  0.00498137
          15    0.428414    0.432094  0.00465621
          16    0.416517    0.431121  0.00446582
          17    0.453889     0.43246  0.00439938
          18    0.466098    0.434329  0.00453454
          19    0.417286    0.433432  0.00438371
          20    0.428276    0.433174  0.00417209
           1    0.439775    0.439775           0
           2     0.42286    0.431318  0.00598023
           3    0.454686    0.439107  0.00750627
           4    0.444558     0.44047  0.00575207
           5    0.438664    0.440108  0.00461298
           6    0.441136     0.44028  0.00384732
           7    0.415855     0.43679  0.00461633
           8    0.436973    0.436813  0.00403934
           9     0.41605    0.434506  0.00419799
          10    0.440822    0.435138   0.0038254
          11    0.413013    0.433126  0.00397138
          12    0.443988    0.434032  0.00374216
          13    0.436809    0.434245  0.00346039
          14    0.427648    0.433774  0.00324515
          15     0.43536     0.43388  0.00303053
          16    0.441095    0.434331  0.00287448
          17     0.46703    0.436254  0.00328655
          18    0.474374    0.438372   0.0037243
          19     0.42632    0.437738   0.0035819
          20    0.446906    0.438196  0.00343201
           1     0.45588     0.45588           0
           2    0.421306    0.438593   0.0122237
           3    0.446521    0.441236  0.00842999
           4    0.415884    0.434898  0.00837264
           5    0.431312     0.43418  0.00672876
           6    0.413031    0.430655    0.006465
           7    0.417486    0.428774  0.00580873
           8    0.408869    0.426286  0.00559017
           9     0.41525     0.42506  0.00510175
          10      0.4463    0.427184  0.00501425
          11     0.42096    0.426618  0.00459023
          12    0.441613    0.427868  0.00437449
          13    0.421043    0.427343  0.00406937
          14    0.440316    0.428269  0.00388278
          15    0.434266    0.428669  0.00364445
          16    0.430815    0.428803  0.00341914
          17    0.439272    0.429419    0.003273
          18    0.456122    0.430902  0.00341083
          19    0.426679     0.43068  0.00323854
          20     0.44748     0.43152  0.00318369
           1    0.437488    0.437488           0
           2    0.429266    0.433377  0.00290692
           3    0.453328    0.440027  0.00576555
           4    0.432462    0.438136  0.00462397
           5    0.423836    0.435276  0.00449752
           6    0.407956    0.430722  0.00559683
           7    0.416109    0.428635  0.00517199
           8    0.397222    0.424708  0.00582848
           9    0.439675    0.426371  0.00541291
          10    0.425078    0.426242  0.00487317
          11    0.419841     0.42566  0.00446476
          12    0.417445    0.424975  0.00414485
          13    0.419205    0.424531  0.00384971
          14    0.433822    0.425195  0.00363148
          15    0.417888    0.424708  0.00342189
          16    0.420402    0.424439  0.00321859
          17    0.417536    0.424033  0.00305476
          18    0.440764    0.424962  0.00302317
          19    0.433594    0.425417  0.00289799
          20    0.432094    0.425751  0.00277225
           1    0.417421    0.417421           0
           2    0.416008    0.416714 0.000499679
           3    0.439254    0.424228   0.0061436
           4     0.41209    0.421193  0.00530438
           5    0.406625     0.41828  0.00497989
           6    0.422678    0.419013  0.00420352
           7    0.408222    0.417471  0.00387537
           8    0.388317    0.413827  0.00480825
           9    0.412189    0.413645  0.00427744
          10    0.427384    0.415019  0.00406437
          11    0.416937    0.415193  0.00369862
          12    0.423729    0.415904  0.00345813
          13    0.414968    0.415832  0.00319287
          14    0.421427    0.416232  0.00298971
          15      0.4063     0.41557  0.00286278
          16    0.395366    0.414307  0.00294922
          17     0.39629    0.413247  0.00296005
          18    0.415969    0.413399  0.00279947
          19    0.411744    0.413311  0.00265348
          20    0.416376    0.413465  0.00252523
           1    0.402834    0.402834           0
           2    0.409464    0.406149    0.002344
           3    0.413249    0.408515  0.00248508
           4    0.402694     0.40706  0.00224991
           5    0.392853    0.404219  0.00311422
           6    0.408888    0.404997  0.00269066
           7     0.40065    0.404376  0.00237688
           8    0.391921    0.402819  0.00253896
           9    0.410306    0.403651  0.00238924
          10    0.418869    0.405173  0.00259001
          11    0.406518    0.405295  0.00235744
          12    0.409616    0.405655  0.00218831
          13    0.397976    0.405064  0.00209819
          14    0.413024    0.405633  0.00202388
          15    0.376671    0.403702  0.00265475
          16     0.39813    0.403354  0.00251158
          17    0.390022     0.40257  0.00248325
          18    0.408954    0.402924  0.00237048
          19    0.407159    0.403147  0.00225618
          20    0.422949    0.404137   0.0023506
           1    0.386211    0.386211           0
           2    0.401421    0.393816  0.00537731
           3    0.385998     0.39121  0.00416883
           4    0.383833    0.389366  0.00351092
           5    0.388665    0.389226  0.00281153
           6    0.397535     0.39061  0.00266224
           7    0.388295     0.39028  0.00230237
           8    0.378598    0.388819    0.002434
           9    0.398825    0.389931  0.00240407
          10    0.389059    0.389844  0.00216524
          11    0.396409    0.390441  0.00204899
          12    0.394723    0.390798  0.00190906
          13    0.392179    0.390904  0.00176516
          14    0.391423    0.390941  0.00163947
          15    0.380674    0.390256  0.00166694
          16    0.390917    0.390298  0.00156326
          17    0.387474    0.390132  0.00148011
          18    0.380922     0.38962  0.00148368
          19    0.381316    0.389183  0.00146855
          20    0.398278    0.389638  0.00146384
           1    0.370409    0.370409           0
           2    0.384362    0.377385  0.00493312
           3    0.373608    0.376126  0.00344568
           4     0.36551    0.373472  0.00345856
           5    0.376452    0.374068  0.00281772
           6    0.379524    0.374977  0.00249049
           7    0.369493    0.374194  0.00225457
           8     0.36082    0.372522  0.00251738
           9    0.391084    0.374585  0.00296452
          10    0.372171    0.374343  0.00267788
          11    0.380423    0.374896  0.00249082
          12    0.382928    0.375565  0.00237148
          13    0.381079    0.375989  0.00222667
          14    0.381278    0.376367  0.00209942
          15    0.375663     0.37632  0.00195999
          16     0.37466    0.376216  0.00184023
          17     0.37401    0.376087  0.00173656
          18    0.375289    0.376042  0.00164065
          19    0.368925    0.375668  0.00159649
          20    0.375547    0.375662  0.00151667
           1    0.364531    0.364531           0
           2    0.378976    0.371753  0.00510716
           3    0.355304     0.36627  0.00562451
           4    0.348307    0.361779  0.00573756
           5    0.359662    0.361356  0.00460565
           6    0.366797    0.362263  0.00392631
           7    0.351293    0.360696  0.00366484
           8    0.350232    0.359388  0.00343222
           9    0.374833    0.361104  0.00345337
          10    0.353985    0.360392  0.00318056
          11    0.362956    0.360625  0.00289994
          12    0.373424    0.361692  0.00284767
          13    0.364312    0.361893  0.00263575
          14    0.370451    0.362504  0.00251737
          15    0.359081    0.362276  0.00235986
          16    0.367936     0.36263  0.00223872
          17    0.365022    0.362771  0.00211145
          18    0.357729    0.362491  0.00201264
          19    0.355589    0.362127  0.00193921
          20    0.366117    0.362327  0.00185248
           1     0.35529     0.35529           0
           2    0.358482    0.356886  0.00112828
           3     0.34652    0.353431  0.00291985
           4    0.337727    0.349505  0.00404414
           5    0.343897    0.348383  0.00338725
           6    0.354622    0.349423  0.00297803
           7    0.339344    0.347983   0.0028797
           8    0.338605    0.346811    0.002748
           9    0.357945    0.348048  0.00270686
          10    0.340012    0.347244  0.00255267
          11    0.345626    0.347097  0.00232484
          12    0.355422    0.347791  0.00223221
          13    0.353506    0.348231  0.00210335
          14    0.353529    0.348609  0.00198686
          15    0.344939    0.348364  0.00186941
          16    0.353165    0.348664  0.00177649
          17    0.351214    0.348814   0.0016783
          18    0.356448    0.349239  0.00163777
          19    0.343043    0.348912   0.0015837
          20    0.340952    0.348514  0.00155372
           1    0.343797    0.343797           0
           2    0.342119    0.342958  0.00059316
           3    0.333032    0.339649  0.00273041
           4    0.326096    0.336261  0.00357823
           5    0.328396    0.334688  0.00318965
           6    0.345351    0.336465  0.00311405
           7    0.328871     0.33538   0.0028519
           8    0.323765    0.333928  0.00284104
           9    0.340008    0.334604  0.00260445
          10    0.326644    0.333808  0.00246264
          11    0.326768    0.333168  0.00232044
          12    0.341681    0.333877  0.00223288
          13    0.343926     0.33465  0.00219083
          14    0.342144    0.335186  0.00209872
          15    0.326445    0.334603   0.0020381
          16    0.335625    0.334667  0.00191172
          17    0.338412    0.334887  0.00181191
          18    0.342915    0.335333  0.00176529
          19     0.32753    0.334922  0.00171949
          20    0.330701    0.334711  0.00164642
           1    0.330164    0.330164           0
           2    0.330409    0.330287 8.66188e-05
           3    0.318454    0.326342  0.00322103
           4    0.316863    0.323973  0.00316987
           5    0.318019    0.322782  0.00275047
           6    0.330156    0.324011  0.00255191
           7    0.318469    0.323219  0.00230688
           8    0.313021    0.321944  0.00234443
           9    0.327031     0.32251  0.00215099
          10    0.319636    0.322222  0.00195498
          11    0.313406    0.321421  0.00193457
          12    0.328935    0.322047  0.00187195
          13    0.327199    0.322443  0.00176941
          14    0.330898    0.323047  0.00174303
          15    0.321453    0.322941  0.00163006
          16    0.324754    0.323054  0.00153212
          17    0.326161    0.323237  0.00145285
          18      0.3287    0.323541  0.00140348
          19     0.31591    0.323139  0.00138589
          20    0.318248    0.322894  0.00133799
           1    0.314573    0.314573           0
           2    0.319078    0.316825  0.00159263
           3    0.308709     0.31412  0.00245093
           4    0.304919     0.31182  0.00271062
           5    0.309958    0.311447  0.00219392
           6    0.312458    0.311616  0.00183472
           7    0.304381    0.310582  0.00184082
           8    0.308157    0.310279  0.00163549
           9    0.309838     0.31023  0.00145451
          10    0.312588    0.310466  0.00132803
          11    0.305957    0.310056    0.001269
          12     0.31422    0.310403  0.00120977
          13    0.312493    0.310564  0.00112734
          14    0.314787    0.310865  0.00108644
          15    0.310407    0.310835  0.00101444
          16    0.307175    0.310606 0.000976485
          17     0.31226    0.310703 0.000923877
          18    0.311711    0.310759 0.000874245
          19    0.299206    0.310151  0.00101797
          20    0.307447    0.310016 0.000976012
           1    0.302931    0.302931           0
           2    0.306997    0.304964  0.00143742
           3    0.293489    0.301139   0.0032668
           4    0.298595    0.300503  0.00251123
           5     0.30302    0.301006  0.00205884
           6    0.300539    0.300929  0.00171717
           7    0.292898    0.299781  0.00181509
           8    0.296142    0.299326  0.00164422
           9    0.294127    0.298749  0.00155973
          10    0.299488    0.298823  0.00140551
          11    0.294627    0.298441  0.00132847
          12    0.295528    0.298198  0.00123975
          13    0.302599    0.298537   0.0011897
          14    0.297013    0.298428  0.00110969
          15    0.295977    0.298265  0.00104767
          16    0.292208    0.297886  0.00104835
          17    0.295976    0.297774 0.000992685
          18    0.300641    0.297933 0.000950226
          19    0.289808    0.297505 0.000991783
          20    0.295287    0.297395 0.000948374
           1    0.289813    0.289813           0
           2    0.289931    0.289872 4.18215e-05
           3    0.286327     0.28869 0.000965129
           4    0.284594    0.287666  0.00114485
           5    0.284143    0.286962  0.00111175
           6    0.288269    0.287179 0.000947559
           7    0.282827    0.286558 0.000995521
           8    0.281492    0.285924   0.0010534
           9    0.283204    0.285622 0.000978749
          10    0.286039    0.285664  0.00088176
          11    0.280193    0.285166 0.000931349
          12    0.286314    0.285262 0.000858629
          13    0.287527    0.285436 0.000810071
          14    0.283314    0.285285 0.000766257
          15    0.280183    0.284945 0.000787042
          16    0.283117     0.28483 0.000746091
          17    0.284275    0.284798 0.000702919
          18    0.286478    0.284891  0.00067004
          19    0.281715    0.284724 0.000655293
          20    0.282415    0.284609  0.00063262
           1    0.274922    0.274922           0
           2    0.272385    0.273653 0.000897195
           3    0.277422     0.27491  0.00118745
           4    0.275713    0.275111 0.000907414
           5    0.268699    0.273828  0.00135742
           6    0.273202    0.273724  0.00113518
           7    0.268354    0.272957  0.00120466
           8    0.270612    0.272664  0.00108916
           9    0.272604    0.272657 0.000968159
          10    0.275388     0.27293  0.00090905
          11    0.270219    0.272684  0.00085917
          12    0.272984    0.272709 0.000787937
          13    0.270683    0.272553 0.000742579
          14    0.267715    0.272207 0.000765723
          15    0.266829    0.271849 0.000794188
          16    0.270108     0.27174 0.000751965
          17    0.269621    0.271615 0.000717985
          18    0.276576    0.271891 0.000729071
          19     0.27258    0.271927   0.0006916
          20    0.270387     0.27185 0.000661294
           1    0.263783    0.263783           0
           2    0.265189    0.264486 0.000496985
           3    0.268592    0.265855  0.00116545
           4    0.261212    0.264694  0.00133199
           5    0.256016    0.262959  0.00188293
           6    0.265335    0.263355  0.00161023
           7    0.258411    0.262648  0.00152721
           8    0.259883    0.262303  0.00137489
           9    0.260489    0.262101  0.00123681
          10    0.265103    0.262401  0.00114899
          11    0.261767    0.262344  0.00104598
          12    0.264871    0.262554   0.0009798
          13    0.258149    0.262215 0.000961257
          14    0.256595    0.261814 0.000972811
          15    0.259946    0.261689 0.000915891
          16    0.262029    0.261711 0.000858894
          17    0.259669    0.261591 0.000816727
          18    0.261106    0.261564 0.000771796
          19    0.261294     0.26155 0.000731305
          20    0.257928    0.261368 0.000716811
           1    0.252695    0.252695           0
           2    0.257864     0.25528   0.0018277
           3     0.25461    0.255056  0.00123202
           4    0.249994    0.253791  0.00143363
           5    0.248737     0.25278  0.00146039
           6    0.254403     0.25305  0.00124179
           7    0.250444    0.252678   0.0011188
           8    0.249164    0.252239  0.00106169
           9    0.248568    0.251831  0.00101905
          10    0.251795    0.251827 0.000917152
          11    0.250324    0.251691   0.0008439
          12     0.25282    0.251785 0.000778805
          13    0.248944    0.251566 0.000748921
          14    0.247127    0.251249  0.00075958
          15    0.248378    0.251058 0.000732659
          16    0.254363    0.251264 0.000715404
          17    0.251343    0.251269 0.000673336
          18    0.249715    0.251183 0.000641439
          19    0.252394    0.251246 0.000610837
          20    0.250573    0.251213 0.000581222
           1    0.240505    0.240505           0
           2    0.244423    0.242464  0.00138514
           3    0.245315    0.243414   0.0012062
           4    0.240702    0.242736   0.0010785
           5    0.240145    0.242218 0.000979408
           6    0.242854    0.242324 0.000821894
           7    0.240981    0.242132 0.000726544
           8    0.239089    0.241752 0.000728559
           9    0.236846    0.241207 0.000826764
          10    0.241687    0.241255 0.000745481
          11    0.240548    0.241191 0.000680472
          12    0.241073    0.241181 0.000623836
          13    0.242384    0.241273  0.00058267
          14    0.235913     0.24089 0.000654862
          15      0.2384    0.240724 0.000631909
          16    0.243223    0.240881 0.000611413
          17    0.238144     0.24072 0.000596258
          18    0.238603    0.240602 0.000574609
          19    0.241847    0.240668 0.000548088
          20    0.241215    0.240695 0.000521367
           1    0.231038    0.231038           0
           2    0.231376    0.231207 0.000119512
           3    0.234095     0.23217 0.000789994
           4    0.231346    0.231964 0.000618765
           5    0.228803    0.231332 0.000751568
           6    0.231178    0.231306 0.000626742
           7    0.229627    0.231066 0.000581279
           8    0.230959    0.231053 0.000508773
           9    0.228941    0.230818 0.000503449
          10    0.233867    0.231123 0.000537573
          11    0.229377    0.230964 0.000511608
          12      0.2325    0.231092  0.00048472
          13    0.231575    0.231129 0.000448851
          14    0.226134    0.230773 0.000540331
          15    0.230436     0.23075 0.000504774
          16     0.23329    0.230909 0.000497564
          17    0.227969    0.230736 0.000497445
          18    0.229943    0.230692 0.000471755
          19    0.231673    0.230744 0.000449741
          20     0.22944    0.230678 0.000431952
           1    0.219796    0.219796           0
           2    0.220812    0.220304 0.000359156
           3    0.223566    0.221391 0.000919564
           4     0.22322    0.221848 0.000795276
           5    0.219568    0.221392 0.000755723
           6     0.22038    0.221224 0.000648324
           7    0.219119    0.220923 0.000621545
           8    0.221111    0.220946 0.000544295
           9    0.219408    0.220775 0.000509965
          10    0.222778    0.220976 0.000496734
          11    0.220873    0.220966 0.000451664
          12    0.221475    0.221009 0.000416009
          13    0.221288     0.22103 0.000384562
          14    0.217291    0.220763 0.000440194
          15    0.221961    0.220843 0.000418032
          16    0.223669     0.22102 0.000427588
          17     0.21869    0.220883 0.000423824
          18    0.220614    0.220868 0.000400541
          19    0.218937    0.220766 0.000392143
          20    0.219284    0.220692 0.000379473
           1    0.209944    0.209944           0
           2     0.21153    0.210737 0.000560626
           3    0.213884    0.211786 0.000934391
           4    0.214793    0.212538 0.000956506
           5    0.208537    0.211738  0.00104775
           6    0.211535    0.211704  0.00087367
           7    0.211813    0.211719 0.000749001
           8    0.214021    0.212007 0.000708486
           9    0.210242    0.211811 0.000656356
          10    0.214365    0.212066 0.000638497
          11    0.211935    0.212054 0.000580564
          12    0.212605      0.2121 0.000533992
          13    0.213535    0.212211 0.000504184
          14     0.20819    0.211924 0.000543833
          15    0.211355    0.211886 0.000508897
          16    0.213024    0.211957 0.000482036
          17    0.211751    0.211945 0.000453833
          18    0.210035    0.211839 0.000440851
          19     0.21043    0.211764 0.000423837
          20    0.211437    0.211748  0.00040296
           1    0.201853    0.201853           0
           2    0.203734    0.202793 0.000665142
           3    0.204211    0.203266 0.000587788
           4    0.205703    0.203875 0.000687553
           5    0.200177    0.203136 0.000860424
           6     0.20409    0.203295 0.000731577
           7     0.20119    0.202994 0.000686096
           8    0.204377    0.203167 0.000621724
           9    0.203415    0.203194 0.000553257
          10    0.207229    0.203598  0.00062803
          11     0.20255    0.203502 0.000578121
          12    0.200709     0.20327 0.000574916
          13    0.203754    0.203307 0.000531896
          14    0.200612    0.203114 0.000527575
          15    0.200999    0.202973 0.000510912
          16    0.202485    0.202943 0.000479889
          17    0.202611    0.202923 0.000452057
          18    0.201892    0.202866 0.000430559
          19    0.200654     0.20275 0.000423341
          20    0.204233    0.202824 0.000408615
           1    0.195491    0.195491           0
           2    0.195246    0.195368 8.68712e-05
           3    0.197606    0.196114 0.000611651
           4    0.199827    0.197042 0.000925612
           5    0.193966    0.196427 0.000922637
           6    0.195921    0.196343  0.00077271
           7    0.191975    0.195719 0.000878868
           8    0.195574    0.195701 0.000769195
           9    0.194108    0.195524   0.0007038
          10    0.197536    0.195725 0.000661571
          11    0.197254    0.195864 0.000615859
          12    0.195486    0.195832 0.000565342
          13     0.19586    0.195835 0.000521859
          14     0.19337    0.195659 0.000513412
          15     0.19522    0.195629 0.000480015
          16    0.194393    0.195552 0.000456189
          17    0.195479    0.195548 0.000429375
          18    0.192786    0.195394 0.000432068
          19    0.193162    0.195277 0.000425008
          20    0.196733     0.19535 0.000409949
