           1     79.0772     79.0772           0
           2     81.4682     80.2727    0.845355
           3        80.4     80.3151    0.564634
           4     78.5709     79.8791    0.567403
           5     80.1362     79.9305    0.456246
           6     73.5579     78.8684     1.04144
           7      77.856     78.7238    0.902648
           8     76.6542     78.4651    0.826055
           9     81.1495     78.7633    0.786279
          10     75.6188     78.4489    0.767959
          11     74.9736      78.133     0.76036
          12     69.7893     77.4377    0.963828
          13     75.9821     77.3257    0.896168
          14     83.6966     77.7808    0.940625
          15     75.8347      77.651    0.886819
          16     78.9488     77.7321    0.835094
          17     84.5615     78.1339    0.877293
          18     80.6466     78.2735    0.839587
          19     88.9339     78.8345    0.964828
          20     77.6599     78.7758    0.918373
           1     59.9607     59.9607           0
           2     57.1238     58.5422     1.00298
           3     58.1958     58.4268    0.675268
           4     57.6471     58.2318    0.533841
           5     60.0808     58.6016    0.540175
           6     58.3338      58.557    0.451987
           7     61.9558     59.0425    0.593432
           8     53.8411     58.3923    0.799697
           9     64.8119     59.1056    0.978542
          10     58.3639     59.0315    0.883495
          11     49.6509     58.1787      1.1429
          12     52.0045     57.6642     1.15769
          13     49.4235     57.0303        1.23
          14     61.3025     57.3354     1.17939
          15     59.2896     57.4657     1.10794
          16      55.464     57.3406     1.04573
          17     65.1475     57.7998     1.08036
          18     56.9119     57.7505     1.02146
          19     66.4261     58.2071     1.06488
          20     60.5971     58.3266     1.01832
           1     39.2861     39.2861           0
           2     44.5044     41.8952     1.84495
           3     46.7732     43.5212     1.80981
           4     44.0052     43.6422      1.3614
           5     44.8681     43.8874     1.11098
           6     38.7493     43.0311     1.21171
           7     46.5774     43.5377     1.13961
           8     38.9085      42.959      1.1346
           9     44.7775     43.1611     1.02636
          10     37.6726     42.6122     1.06037
          11     37.2015     42.1204       1.072
          12     42.1199     42.1203     0.98267
          13     41.3695     42.0626    0.908775
          14      39.639     41.8895    0.860192
          15     43.4415     41.9929    0.809045
          16     43.2847     42.0737    0.762497
          17     40.2774      41.968    0.724929
          18     44.8615     42.1287    0.702251
          19     47.7707     42.4257    0.725361
          20     42.4008     42.4244    0.689094
           1     29.6841     29.6841           0
           2     32.6727     31.1784     1.05661
           3     33.4642     31.9403    0.939796
           4     33.2146     32.2589    0.756918
           5     30.8311     31.9733    0.657197
           6     30.9774     31.8074    0.568239
           7     34.8193     32.2376    0.629218
           8     31.1622     32.1032    0.564744
           9      34.546     32.3746    0.563457
          10      31.031     32.2403    0.522887
          11     29.3809     31.9803    0.536084
          12     30.7291      31.876    0.501448
          13     26.6646     31.4752    0.602158
          14     29.9769     31.3681    0.568578
          15     32.1175     31.4181    0.532862
          16     32.0003     31.4545      0.5008
          17     33.4044     31.5692    0.484297
          18     31.0012     31.5376    0.458419
          19     33.1869     31.6244    0.442433
          20     32.8505     31.6857    0.424538
           1     22.9141     22.9141           0
           2     22.0626     22.4883    0.301054
           3     25.6325     23.5364    0.878947
           4     27.4535     24.5156     1.07415
           5     21.6304     23.9386     1.00241
           6     22.8114     23.7507     0.85276
           7     21.7618     23.4666    0.776831
           8     22.9427     23.4011    0.682482
           9     24.0064     23.4684    0.609955
          10     23.8759     23.5091    0.550319
          11     24.7515     23.6221    0.511748
          12     24.0696     23.6594     0.47046
          13     22.1581     23.5439    0.448219
          14     23.4104     23.5343    0.416305
          15     26.2518     23.7155    0.426151
          16     25.5427     23.8297    0.414536
          17     25.6895     23.9391     0.40433
          18     23.9547       23.94    0.381868
          19      24.164     23.9518    0.361952
          20     21.7806     23.8432    0.359766
           1     16.2432     16.2432           0
           2      19.011     17.6271    0.978555
           3     19.0364     18.0969    0.756771
           4     18.9087     18.2998    0.594171
           5     16.4373     17.9273    0.580476
           6      20.482     18.3531    0.620539
           7     17.2682     18.1981    0.550904
           8     17.0333     18.0525    0.500912
           9     16.0457     17.8295    0.492388
          10     20.8649     18.1331    0.528489
          11      19.189     18.2291    0.489084
          12     19.3311     18.3209    0.456867
          13      19.525     18.4135    0.431009
          14      17.532     18.3506    0.404796
          15     19.3512     18.4173    0.383267
          16     18.7233     18.4364     0.35979
          17     19.4434     18.4956    0.343467
          18     17.6657     18.4495    0.327466
          19     19.2595     18.4921    0.312993
          20     17.1398     18.4245     0.30456
           1     14.1731     14.1731           0
           2      14.242     14.2075   0.0243735
           3     14.7444     14.3865     0.14703
           4     16.1604       14.83    0.399572
           5     15.4936     14.9627    0.340987
           6     12.2888      14.517    0.496236
           7      17.371     14.9247    0.568679
           8     15.0356     14.9386    0.497763
           9     13.6203     14.7921    0.463508
          10     13.9306      14.706    0.425089
          11     15.3509     14.7646    0.390467
          12     15.0875     14.7915    0.358854
          13     14.0591     14.7352    0.335644
          14       14.32     14.7055    0.312977
          15     15.5609     14.7625    0.297261
          16     14.6325     14.7544    0.278794
          17     13.3779     14.6734      0.2739
          18      13.527     14.6097    0.265985
          19     15.0106     14.6308    0.252821
          20     13.8782     14.5932    0.242965
           1     11.8953     11.8953           0
           2     11.6897     11.7925   0.0726802
           3     11.4111     11.6654    0.114571
           4      11.111     11.5268    0.147608
           5     12.0561     11.6326    0.151357
           6     12.0854     11.7081    0.143717
           7       11.96     11.7441    0.127613
           8     10.8512     11.6325    0.152865
           9     10.9445      11.556    0.153812
          10     12.8067     11.6811    0.182319
          11     12.0249     11.7124    0.168401
          12     12.4337     11.7725    0.164747
          13     12.2472      11.809    0.156068
          14     12.2617     11.8413    0.148232
          15     10.6451     11.7616    0.158357
          16     11.5903     11.7509    0.148821
          17     12.3946     11.7887    0.144804
          18     11.7088     11.7843    0.136828
          19     11.9679      11.794    0.129967
          20     12.3517     11.8219    0.126426
           1     9.60846     9.60846           0
           2     9.21878     9.41362    0.137773
           3     10.0128     9.61336    0.187171
           4     10.2519     9.77298    0.197017
           5     10.2481     9.86801    0.179073
           6     9.95013      9.8817    0.149749
           7      9.7136     9.85769    0.130268
           8     9.30723     9.78888    0.130901
           9     9.07166     9.70919    0.138505
          10     9.09329      9.6476    0.137669
          11     10.2121     9.69892     0.13438
          12     10.0791      9.7306    0.126862
          13     10.0183     9.75274    0.119018
          14     9.88755     9.76237    0.110906
          15     10.4349      9.8072    0.112209
          16     10.7307     9.86492    0.119121
          17      10.416     9.89734     0.11644
          18     9.67929     9.88522      0.1106
          19     9.84965     9.88335    0.104795
          20     10.1887     9.89861    0.100661
           1     8.78013     8.78013           0
           2     8.56654     8.67334   0.0755152
           3     8.05651     8.46773    0.175266
           4     8.35038     8.43839    0.133882
           5     8.96307     8.54333    0.142411
           6      8.6053     8.55366     0.11905
           7     8.24029     8.50889    0.110138
           8      7.2636     8.35323    0.174611
           9     7.94982     8.30841     0.16086
          10     8.35708     8.31327    0.144848
          11     7.79963     8.26658    0.139003
          12     8.19825     8.26088    0.127536
          13     8.46822     8.27683    0.118718
          14     8.34063     8.28139    0.110326
          15     7.87328     8.25418    0.106273
          16     7.79344     8.22539    0.103459
          17     7.88516     8.20537   0.0992898
          18     8.08671     8.19878   0.0939923
          19     7.78493       8.177   0.0915343
          20     8.27814     8.18206   0.0870972
           1     7.49062     7.49062           0
           2     6.89544     7.19303    0.210427
           3     7.14957     7.17854    0.140783
           4     6.99594     7.13289    0.112746
           5     6.93353     7.09302   0.0969913
           6       6.829     7.04902   0.0902574
           7     6.79701     7.01302    0.084238
           8     7.04116     7.01653   0.0737816
           9     7.17949     7.03464   0.0677689
          10     6.66926      6.9981   0.0701537
          11      6.5948     6.96144   0.0727284
          12     6.80401     6.94832   0.0678406
          13     7.32668     6.97742   0.0685816
          14       6.841     6.96768   0.0643715
          15     6.76039     6.95386   0.0615456
          16     7.37586     6.98024   0.0630979
          17     6.95497     6.97875   0.0594038
          18     7.32747     6.99812   0.0591785
          19     7.25668     7.01173   0.0576072
          20     6.85856     7.00407   0.0552335
           1     5.83184     5.83184           0
           2     6.46368     6.14776    0.223387
           3     6.11962     6.13838    0.149121
           4     5.65364      6.0172    0.153372
           5     6.09831     6.03342    0.123552
           6     5.67795     5.97417    0.116301
           7     5.83273     5.95397    0.101426
           8     6.33967     6.00218   0.0995498
           9     6.35181     6.04103    0.095769
          10     5.58238     5.99516   0.0965522
          11     5.97982     5.99377   0.0877848
          12     5.85091     5.98186   0.0812726
          13     5.81322     5.96889   0.0760491
          14     6.23536     5.98792     0.07296
          15     6.00039     5.98875   0.0681007
          16     6.20217     6.00209   0.0651376
          17     6.28871     6.01895   0.0634504
          18     6.71999      6.0579   0.0708776
          19     6.27836      6.0695   0.0680903
          20     6.35784     6.08392   0.0661945
           1     5.04616     5.04616           0
           2     5.59979     5.32298     0.19574
           3     5.28609     5.31068    0.130879
           4     5.38562     5.32941   0.0994913
           5     5.51797     5.36713   0.0864449
           6     5.33246     5.36135   0.0722302
           7     5.17156     5.33423   0.0668067
           8      5.4302     5.34623    0.059523
           9     5.41256      5.3536   0.0533637
          10     5.04664      5.3229   0.0561661
          11     4.98639     5.29231   0.0588044
          12      5.1306     5.27884   0.0554267
          13      5.4471     5.29178   0.0526526
          14     5.11292       5.279   0.0504179
          15     5.49056     5.29311   0.0489897
          16     5.38168     5.29864   0.0462396
          17     5.76458     5.32605   0.0509997
          18     5.46493     5.33377   0.0487465
          19     5.09724     5.32132    0.047744
          20     5.18247     5.31438   0.0458588
           1     4.70561     4.70561           0
           2     4.75075     4.72818    0.015961
           3     4.51922     4.65853   0.0578596
           4     4.71827     4.67346   0.0452816
           5     4.87071     4.71291   0.0505696
           6     4.73176     4.71605   0.0422388
           7     4.85504     4.73591   0.0406039
           8     4.77614     4.74094   0.0358384
           9     4.97579     4.76703   0.0402503
          10     4.84091     4.77442   0.0368971
          11      4.4431      4.7443   0.0441572
          12     4.52171     4.72575   0.0442021
          13     4.63346     4.71865   0.0413681
          14     4.66747     4.71499   0.0385744
          15     4.94148     4.73009   0.0388456
          16     4.69928     4.72817   0.0364655
          17      4.8487     4.73526    0.035003
          18     4.63456     4.72966   0.0335024
          19     4.62059     4.72392   0.0322272
          20     4.57321     4.71639   0.0314845
           1     4.15096     4.15096           0
           2     4.27962     4.21529     0.04549
           3     4.22499     4.21852   0.0304413
           4     4.39056     4.26153   0.0436884
           5     4.35595     4.28042   0.0388181
           6     4.44803     4.30835    0.041192
           7     4.27122     4.30305   0.0356474
           8     3.87697     4.24979   0.0587782
           9     4.03313     4.22572   0.0569642
          10     4.22664     4.22581   0.0512679
          11     4.30474     4.23298   0.0471067
          12      4.0969     4.22164   0.0445252
          13     4.25302     4.22406   0.0411655
          14     4.22524     4.22414   0.0382252
          15     4.11333     4.21675   0.0363837
          16     4.10147     4.20955   0.0348159
          17      4.1149     4.20398   0.0332102
          18     4.17506     4.20237    0.031404
          19     3.89984     4.18645   0.0335458
          20     4.03628     4.17894   0.0326981
           1     3.65346     3.65346           0
           2     3.89278     3.77312   0.0846115
           3     3.66001     3.73542   0.0642617
           4      3.9894     3.79891   0.0731206
           5     4.02454     3.84404     0.07107
           6     3.69763     3.81964   0.0632755
           7     3.63229     3.79287   0.0596284
           8     3.94347      3.8117   0.0550664
           9     3.70042     3.79933   0.0503168
          10     3.55488     3.77489   0.0508779
          11     3.61467     3.76032   0.0482926
          12     3.74482     3.75903   0.0442855
          13     3.69663     3.75423   0.0411382
          14     3.67239     3.74838   0.0386129
          15     3.75624     3.74891   0.0360422
          16     3.66037     3.74337   0.0342117
          17     3.77939     3.74549   0.0322648
          18     3.80138      3.7486   0.0306214
          19     3.86464     3.75471   0.0296126
          20     3.50701     3.74232   0.0306125
           1     3.35311     3.35311           0
           2     3.55303     3.45307   0.0706816
           3     3.28011     3.39542   0.0666065
           4     3.37971     3.39149   0.0500705
           5     3.48249     3.40969   0.0432382
           6     3.34372      3.3987   0.0374035
           7     3.41948     3.40166   0.0321778
           8     3.39037     3.40025   0.0281865
           9      3.4805     3.40917   0.0264274
          10     3.38795     3.40705   0.0238696
          11     3.26943     3.39454   0.0247619
          12     3.28385     3.38531   0.0243558
          13     3.48757     3.39318   0.0237185
          14     3.22711     3.38132    0.024814
          15     3.29568     3.37561   0.0238075
          16     3.40797     3.37763   0.0224053
          17     3.44788     3.38176   0.0214649
          18     3.53162     3.39009   0.0218273
          19     3.29471     3.38507   0.0212479
          20      3.4372     3.38767   0.0203447
           1     2.91614     2.91614           0
           2     3.10541     3.01077   0.0669175
           3     2.97646     2.99933   0.0455788
           4     3.13503     3.03326   0.0450749
           5     3.00452     3.02751   0.0364244
           6     3.15207     3.04827   0.0357838
           7     3.06667      3.0509   0.0307682
           8     2.94855     3.03811   0.0294621
           9     3.18664     3.05461   0.0304621
          10     3.02372     3.05152    0.027572
          11     2.87885     3.03582   0.0291937
          12     3.28147     3.05629   0.0331704
          13     2.88149     3.04285   0.0332328
          14      3.0581     3.04394   0.0308769
          15     3.09801     3.04754   0.0290281
          16     3.07671     3.04936    0.027271
          17     3.20951     3.05878   0.0272454
          18     3.19737     3.06648   0.0267976
          19     3.07586     3.06698   0.0253917
          20     3.03121     3.06519    0.024185
           1     2.94636     2.94636           0
           2     2.82781     2.88708   0.0419154
           3     2.66483       2.813   0.0666322
           4     2.74717     2.79654   0.0519671
           5     2.82698     2.80263   0.0419287
           6     2.95723     2.82839   0.0421202
           7      2.8368     2.82959   0.0361201
           8     2.79959     2.82584   0.0317993
           9     2.68581     2.81028   0.0318459
          10     2.94369     2.82363   0.0313311
          11     2.62526     2.80559   0.0332704
          12     2.76225     2.80198   0.0306933
          13     2.79365     2.80134   0.0283389
          14     2.87357      2.8065   0.0267803
          15     2.82851     2.80797   0.0250351
          16     2.71704     2.80228   0.0241067
          17     2.84631     2.80487   0.0228274
          18     2.84452     2.80708   0.0216652
          19     2.84236     2.80893   0.0206043
          20     2.80616     2.80879   0.0195746
           1     2.64322     2.64322           0
           2     2.64845     2.64584  0.00184841
           3     2.58728     2.62632   0.0159852
           4      2.6063     2.62131   0.0127484
           5      2.5807     2.61319   0.0125215
           6     2.46227     2.58804   0.0252217
           7     2.64593     2.59631   0.0229346
           8     2.49841     2.58407   0.0231032
           9     2.47099     2.57151   0.0237079
          10     2.74774     2.58913    0.027107
          11     2.56627     2.58705   0.0247223
          12     2.54449      2.5835   0.0229151
          13     2.54792     2.58077   0.0213153
          14     2.51906     2.57636   0.0202433
          15     2.54409     2.57421   0.0190078
          16      2.6363     2.57809   0.0182117
          17     2.80605      2.5915   0.0215182
          18     2.61973     2.59307   0.0203798
          19     2.75949     2.60183   0.0211057
          20     2.41261     2.59236   0.0220693
           1     2.30323     2.30323           0
           2     2.40868     2.35595   0.0372796
           3     2.28208     2.33133   0.0319673
           4     2.33601      2.3325   0.0239968
           5     2.36826     2.33965    0.020235
           6     2.44916      2.3579   0.0237058
           7      2.5153     2.38039   0.0290903
           8     2.31027     2.37162    0.026742
           9     2.39511     2.37423   0.0238976
          10     2.38189       2.375   0.0215201
          11     2.34829     2.37257   0.0197003
          12     2.33135     2.36914   0.0183556
          13     2.40397     2.37182    0.017138
          14     2.36695     2.37147   0.0159174
          15     2.35628     2.37046   0.0148884
          16     2.32096     2.36736   0.0142756
          17     2.41624     2.37024   0.0137223
          18     2.46934     2.37574   0.0140209
          19     2.41708     2.37792   0.0134507
          20     2.28332     2.37319   0.0135844
           1     2.20038     2.20038           0
           2     2.20387     2.20213  0.00123215
           3      2.2064     2.20355  0.00142299
           4     2.24665     2.21433  0.00939295
           5     2.26302     2.22406   0.0115046
           6     2.23427     2.22577  0.00971196
           7     2.31956     2.23916   0.0149391
           8     2.16977     2.23049    0.015385
           9     2.28911       2.237   0.0149909
          10     2.18778     2.23208   0.0142771
          11     2.19029     2.22828   0.0134753
          12     2.27696     2.23234   0.0129485
          13      2.2238     2.23168   0.0119691
          14     2.16702     2.22706   0.0119723
          15     2.18291     2.22412   0.0115302
          16      2.2661     2.22674   0.0111041
          17     2.23004     2.22694   0.0104526
          18     2.10131     2.21996   0.0119773
          19     2.19359     2.21857   0.0114271
          20     2.17611     2.21645   0.0110512
           1     2.03617     2.03617           0
           2      1.9843     2.01023   0.0183389
           3     2.09264      2.0377    0.025544
           4     2.01198     2.03127   0.0199512
           5     2.13039     2.05109    0.023856
           6     2.11777     2.06221   0.0223186
           7     2.05956     2.06183   0.0191334
           8     2.05833     2.06139   0.0167468
           9     2.06599      2.0619   0.0148938
          10     2.10452     2.06616   0.0140008
          11     2.02305     2.06224   0.0132653
          12       2.055     2.06164   0.0121736
          13     2.07442     2.06262   0.0112768
          14     1.98807      2.0573   0.0116611
          15     1.98668     2.05259   0.0117959
          16     2.03543     2.05152   0.0111073
          17     2.11347     2.05516   0.0110356
          18     2.08525     2.05683   0.0105484
          19     2.01506     2.05464   0.0102198
          20     2.01101     2.05245  0.00993888
           1      1.8658      1.8658           0
           2     1.93871     1.90225   0.0257774
           3     1.97544     1.92665   0.0263075
           4     1.87622     1.91404   0.0225496
           5     1.94992     1.92122   0.0191476
           6     1.89247     1.91642    0.016545
           7     1.97227      1.9244   0.0159896
           8     1.99157      1.9328   0.0160444
           9     2.02273     1.94279   0.0170922
          10     1.80519     1.92903   0.0201752
          11     1.88605     1.92512   0.0187157
          12     1.98248      1.9299   0.0177558
          13     1.97227     1.93316   0.0166865
          14     1.91255     1.93169   0.0155594
          15     1.88386      1.9285   0.0148453
          16      1.9435     1.92944    0.013947
          17     2.02034     1.93479   0.0141144
          18     1.97524     1.93703    0.013508
          19     1.80782     1.93023   0.0144075
          20       1.897     1.92857   0.0137826
           1     1.77743     1.77743           0
           2      1.8237     1.80057    0.016361
           3     1.70513     1.76875   0.0281724
           4     1.71907     1.75633   0.0237094
           5     1.87511     1.78009   0.0284821
           6     1.85697      1.7929   0.0264608
           7     1.82165     1.79701   0.0229973
           8     1.87294      1.8065   0.0219943
           9     1.81233     1.80715   0.0195601
          10     1.84514     1.81095   0.0179693
          11     1.80575     1.81048   0.0163419
          12     1.83161     1.81224   0.0150746
          13     1.79731     1.81109   0.0139587
          14     1.81999     1.81172   0.0129762
          15     1.79245     1.81044   0.0121746
          16     1.77473     1.80821   0.0116164
          17     1.87664     1.81223   0.0116096
          18     1.82052     1.81269   0.0109737
          19     1.84974     1.81464    0.010568
          20     1.81998     1.81491   0.0100429
           1      1.6301      1.6301           0
           2     1.71614     1.67312   0.0304184
           3     1.79492     1.71372   0.0388616
           4     1.65409     1.69881   0.0318775
           5     1.69868     1.69879    0.025502
           6     1.64992     1.69064   0.0225145
           7     1.68126      1.6893    0.019338
           8     1.71181     1.69211   0.0171241
           9     1.66614     1.68923   0.0154628
          10     1.70328     1.69063   0.0139802
          11     1.68511     1.69013   0.0127183
          12     1.78096      1.6977   0.0137272
          13     1.71263     1.69885   0.0127192
          14     1.69099     1.69829   0.0118231
          15     1.76586     1.70279   0.0118622
          16      1.6837      1.7016   0.0111807
          17     1.78192     1.70632   0.0114779
          18     1.76006     1.70931   0.0112218
          19     1.63088     1.70518   0.0113651
          20     1.71963      1.7059   0.0108198
           1     1.61639     1.61639           0
           2      1.6038     1.61009  0.00445078
           3     1.58825     1.60281  0.00664471
           4      1.5874     1.59896   0.0059971
           5     1.65134     1.60943   0.0105269
           6     1.56386     1.60184   0.0111815
           7     1.62212     1.60474  0.00995243
           8     1.63575     1.60861  0.00943338
           9     1.59551     1.60716   0.0084969
          10      1.6317     1.60961  0.00799389
          11     1.58532      1.6074  0.00756605
          12     1.58803     1.60579  0.00710562
          13     1.54361     1.60101  0.00800855
          14     1.52713     1.59573  0.00900865
          15     1.58358     1.59492  0.00844442
          16     1.58153     1.59408  0.00795798
          17     1.53038     1.59033  0.00832556
          18     1.66881     1.59469  0.00893197
          19       1.615     1.59576  0.00852557
          20     1.56087     1.59402  0.00827588
           1      1.4927      1.4927           0
           2     1.56622     1.52946   0.0259943
           3     1.49539     1.51811   0.0196544
           4     1.55026     1.52614   0.0163022
           5     1.49514     1.51994   0.0141722
           6     1.52361     1.52055   0.0118233
           7     1.53033     1.52195   0.0102165
           8     1.50691     1.52007  0.00911082
           9     1.47817     1.51542  0.00921138
          10     1.57491     1.52137   0.0100293
          11     1.55429     1.52436  0.00955379
          12      1.5492     1.52643  0.00897918
          13     1.50229     1.52457  0.00847825
          14     1.43548     1.51821  0.00997927
          15     1.46819     1.51487   0.0098554
          16     1.55672     1.51749  0.00958012
          17     1.53905     1.51876  0.00910012
          18     1.46783     1.51593  0.00902365
          19     1.45824     1.51289  0.00904514
          20     1.51839     1.51317  0.00859706
           1     1.42116     1.42116           0
           2     1.39551     1.40833  0.00907059
           3     1.36467     1.39378   0.0133352
           4     1.43573     1.40427   0.0135098
           5     1.39946      1.4033   0.0108419
           6      1.4845     1.41684   0.0153044
           7     1.36451     1.40936   0.0148315
           8     1.42847     1.41175   0.0131685
           9     1.41214     1.41179   0.0117054
          10     1.44174     1.41479   0.0109112
          11      1.3835     1.41194   0.0102832
          12      1.4155     1.41224  0.00943057
          13     1.44265     1.41458  0.00899065
          14     1.41314     1.41448  0.00834905
          15     1.42015     1.41486  0.00780101
          16     1.45458     1.41734  0.00769846
          17      1.4689     1.42037  0.00782031
          18     1.37998     1.41813  0.00770111
          19     1.42738     1.41861  0.00731118
          20     1.44391     1.41988  0.00705418
           1     1.36138     1.36138           0
           2     1.43619     1.39879   0.0264472
           3     1.31347     1.37035    0.029155
           4     1.36951     1.37014    0.021867
           5     1.37332     1.37077   0.0175028
           6     1.29851     1.35873   0.0182652
           7     1.37413     1.36093   0.0157878
           8     1.35104     1.35969   0.0138627
           9     1.34514     1.35808   0.0124163
          10      1.3248     1.35475   0.0116119
          11     1.40126     1.35898   0.0112999
          12     1.32306     1.35599   0.0107473
          13     1.34128     1.35485  0.00997991
          14     1.36863     1.35584  0.00931543
          15     1.36624     1.35653   0.0087202
          16     1.35864     1.35666  0.00817618
          17     1.39561     1.35895  0.00800974
          18     1.38943     1.36065  0.00774166
          19      1.4085     1.36317  0.00773304
          20     1.36293     1.36315   0.0073464
           1     76.5719     76.5719           0
           2     80.2816     78.4268     1.31158
           3     84.2208     80.3581     1.80314
           4     67.1774      77.063     3.15793
           5     85.7447     78.7993     2.96552
           6     77.4076     78.5674     2.48032
           7     83.0667     79.2101      2.2077
           8      60.725     76.8995     2.89885
           9     71.4235      76.291     2.63983
          10     77.9077     76.4527     2.38079
          11     70.3911     75.9016     2.22722
          12     71.5497      75.539     2.07093
          13     75.3765     75.5265     1.91167
          14     82.6327     76.0341     1.84128
          15     89.0421     76.9013     1.91186
          16     68.9111     76.4019     1.85645
          17     83.6992     76.8311     1.79619
          18     77.9867     76.8953     1.69755
          19     74.5269     76.7707     1.61277
          20     80.6192     76.9631     1.54357
           1     56.7081     56.7081           0
           2     55.0718       55.89    0.578492
           3     65.8295     59.2031     2.73254
           4     44.3226      55.483     3.81832
           5     63.1358     57.0136     3.34739
           6      59.398      57.411     2.81298
           7     57.5734     57.4342     2.41122
           8     55.3869     57.1783     2.12336
           9     55.1185     56.9494     1.89972
          10     59.9128     57.2457     1.73271
          11     61.8717     57.6663     1.62542
          12     58.1261     57.7046     1.49042
          13     61.0215     57.9597     1.39744
          14     61.7881     58.2332     1.32411
          15     70.0249     59.0193     1.45054
          16     58.7348     59.0015     1.35999
          17     55.2051     58.7782      1.2982
          18      63.672     59.0501     1.25422
          19     59.1807      59.057     1.18823
          20      58.401     59.0242     1.12927
           1     46.1643     46.1643           0
           2     39.7074     42.9358     2.28289
           3     48.5035     44.7917     2.14767
           4     50.7446       46.28     2.06292
           5     41.8687     45.3977     1.82929
           6     38.9194      44.318      1.8153
           7     38.6705     43.5112     1.72597
           8     40.5014      43.135     1.55068
           9     41.4753     42.9506     1.38931
          10     39.8934     42.6449     1.28357
          11     44.0805     42.7754      1.1735
          12     39.5719     42.5084     1.10566
          13     40.3887     42.3454     1.03256
          14     45.7034     42.5852     0.98627
          15     52.4655     43.2439     1.11906
          16     41.5056     43.1353     1.05438
          17     41.3015     43.0274    0.997859
          18     48.1724     43.3132    0.982508
          19     45.8341     43.4459    0.939712
          20     50.8352     43.8154    0.962622
           1       35.48       35.48           0
           2     31.5188     33.4994     1.40047
           3     34.9439     33.9809     1.01304
           4     34.0289     33.9929    0.759853
           5     27.2684      32.648     1.34778
           6     28.7921     32.0053     1.26714
           7     27.6466     31.3827     1.22963
           8     33.3309     31.6262     1.09978
           9     36.1244      32.126     1.08522
          10     35.0369     32.4171     1.01499
          11     25.1769     31.7589     1.11591
          12     40.4717     32.4849     1.23677
          13     31.2118      32.387      1.1455
          14     30.6236      32.261     1.07059
          15     40.3791     32.8023     1.12774
          16     32.0456      32.755     1.05825
          17     31.1847     32.6626     1.00002
          18     30.4279     32.5384    0.952141
          19     31.5277     32.4852    0.903513
          20     37.4281     32.7324    0.891498
           1     25.8512     25.8512           0
           2     24.2824     25.0668    0.554677
           3     25.0162     25.0499    0.370041
           4     23.5616     24.6778    0.425277
           5     20.9891     23.9401     0.74241
           6     24.9699     24.1117    0.638205
           7     22.5292     23.8856    0.585707
           8     25.7072     24.1133    0.554988
           9     21.7084     23.8461    0.553929
          10     23.1978     23.7813    0.502316
          11     23.6291     23.7675    0.456841
          12     21.3677     23.5675    0.460465
          13     18.3245     23.1642    0.575159
          14     22.9216     23.1468    0.534337
          15     27.2259     23.4188    0.563681
          16     23.5084     23.4244    0.528479
          17     24.5249     23.4891    0.501342
          18     22.1865     23.4168    0.478684
          19     23.5309     23.4228    0.453527
          20     27.6414     23.6337    0.477389
           1     16.5157     16.5157           0
           2     16.4258     16.4708   0.0317844
           3     18.7041     17.2152     0.60822
           4     16.7811     17.1067    0.465746
           5     18.0868     17.3027    0.411789
           6     17.5558     17.3449    0.345311
           7     14.6704     16.9628    0.461227
           8     21.1619     17.4877    0.635564
           9      16.588     17.3877    0.572754
          10     14.7803      17.127    0.571759
          11     17.9502     17.2018    0.524656
          12     18.2938     17.2928    0.488762
          13     15.3701     17.1449    0.473012
          14     19.3395     17.3017    0.464474
          15     19.4676     17.4461    0.455401
          16     16.9605     17.4157    0.427948
          17     20.5033     17.5973    0.439629
          18     19.7249     17.7155    0.430801
          19     18.3078     17.7467    0.409253
          20     17.9758     17.7582    0.388951
           1     15.6153     15.6153           0
           2     13.4783     14.5468    0.755525
           3     15.4789     14.8575    0.563964
           4     13.7549     14.5819     0.48569
           5     13.2041     14.3063    0.460126
           6     13.2008     14.1221    0.418707
           7     11.8073     13.7914    0.471737
           8     16.1914     14.0914    0.499131
           9     14.5817     14.1459    0.446635
          10     12.5011     13.9814    0.431194
          11     13.8635     13.9707    0.392127
          12     14.2015     13.9899    0.359922
          13      14.507     14.0297    0.334426
          14     15.4195      14.129    0.324938
          15     12.9155     14.0481    0.313183
          16     13.7198     14.0275    0.294281
          17     14.8908     14.0783    0.281317
          18     15.2246      14.142    0.272801
          19     13.6576     14.1165    0.259632
          20     14.1776     14.1196    0.246668
           1     11.8597     11.8597           0
           2     11.5887     11.7242   0.0958143
           3     12.6034     12.0172    0.247667
           4     9.90493     11.4892    0.493611
           5     12.1808     11.6275    0.413814
           6     11.8147     11.6587     0.34602
           7     11.2112     11.5948    0.302437
           8     12.6537     11.7271    0.292165
           9     12.8645     11.8535    0.285729
          10      11.285     11.7966    0.262751
          11     12.3063      11.843    0.242916
          12     11.6679     11.8284    0.223111
          13     11.2774      11.786    0.209935
          14     12.0019     11.8014    0.195505
          15     11.2225     11.7628    0.186242
          16     10.7762     11.7012    0.184528
          17     12.4036     11.7425     0.17824
          18     13.1361     11.8199    0.184387
          19     11.4295     11.7994    0.175824
          20     12.7645     11.8476    0.173529
           1     11.1467     11.1467           0
           2     9.66165     10.4042     0.52504
           3     10.9822     10.5968    0.383754
           4     8.32927       10.03     0.56909
           5     9.80384     9.98473    0.457065
           6     10.0444     9.99467    0.380996
           7     8.61597     9.79771    0.374027
           8     8.62563      9.6512     0.35481
           9     10.1229     9.70361    0.319234
          10     10.0118     9.73443    0.288795
          11     10.7127     9.82336    0.275895
          12     10.2105     9.85563    0.254784
          13     8.90694     9.78265    0.245414
          14      10.601     9.84111    0.234742
          15     9.86133     9.84246    0.219097
          16     9.57133     9.82551    0.206058
          17     10.3033     9.85362    0.195844
          18     9.34459     9.82534    0.186995
          19     10.4048     9.85584    0.179623
          20     10.1648     9.87128    0.171304
           1     8.61041     8.61041           0
           2     8.39251     8.50146   0.0770414
           3     9.22878      8.7439    0.204505
           4     8.46609     8.67445     0.16475
           5     8.06768     8.55309    0.170742
           6     8.11896     8.48074    0.156869
           7     7.25959     8.30629    0.210153
           8     7.39571     8.19247    0.212484
           9     8.65606     8.24398    0.195018
          10      7.9528     8.21486    0.177677
          11     9.47516     8.32943    0.194996
          12     7.79605     8.28498    0.183743
          13     8.45598     8.29814    0.170079
          14     9.17776     8.36097    0.169138
          15     7.83709     8.32604    0.161428
          16     8.20897     8.31873    0.151504
          17     8.36485     8.32144    0.142617
          18     8.21815      8.3157    0.134809
          19     8.49218     8.32499    0.128033
          20     8.55384     8.33643    0.122142
           1     7.40116     7.40116           0
           2     7.51839     7.45978   0.0414459
           3     7.61369     7.51108    0.050182
           4       6.938     7.36781    0.129659
           5      7.0498     7.30421    0.118302
           6     6.78024     7.21688    0.126784
           7     6.65433     7.13652    0.131702
           8     6.51125     7.05836    0.136474
           9     7.01532     7.05358    0.121394
          10      6.7253     7.02075    0.113607
          11     8.24516     7.13206    0.148088
          12     6.91957     7.11435    0.136802
          13     6.87396     7.09586    0.127523
          14     7.52823     7.12674    0.122096
          15     6.62188     7.09308    0.118505
          16     6.69026     7.06791    0.113741
          17     6.87237     7.05641    0.107631
          18     7.46814     7.07928    0.104053
          19     7.25415     7.08848   0.0989831
          20     7.22188     7.09515   0.0942583
           1     6.37789     6.37789           0
           2     6.33378     6.35583   0.0155952
           3     6.32388     6.34518    0.013555
           4     5.93831     6.24346   0.0886753
           5      6.3297     6.26071   0.0725982
           6      5.7543     6.17631   0.0979612
           7     5.75124     6.11559     0.10105
           8     5.88036     6.08618   0.0925979
           9     6.06992     6.08438   0.0823269
          10     6.29715     6.10565   0.0767945
          11     6.74926     6.16416   0.0893648
          12     6.07846     6.15702   0.0822026
          13      5.4632     6.10365   0.0915805
          14     6.38301      6.1236   0.0871858
          15     5.77863     6.10061   0.0843521
          16     5.81179     6.08255   0.0809885
          17     5.85761     6.06932   0.0772979
          18     6.10739     6.07144   0.0730325
          19     6.04724     6.07016   0.0691998
          20     6.71483      6.1024   0.0728612
           1     5.34158     5.34158           0
           2     5.66211     5.50185    0.113325
           3     5.01209     5.33859    0.153218
           4     4.88279     5.22464    0.151471
           5     5.32307     5.24433    0.122449
           6     5.25678      5.2464    0.102059
           7     5.27255     5.25014   0.0875473
           8     5.14574     5.23709   0.0775704
           9     5.34566     5.24915   0.0698832
          10     5.36086     5.26032   0.0637814
          11     5.91299     5.31966   0.0810088
          12     5.37699     5.32443   0.0743988
          13     4.94338     5.29512   0.0742258
          14     5.41019     5.30334   0.0693776
          15     4.95967     5.28043   0.0684311
          16     5.19611     5.27516   0.0643567
          17     4.95634     5.25641   0.0632446
          18     5.44536      5.2669   0.0605959
          19     5.26065     5.26657   0.0574076
          20     5.78024     5.29226    0.060008
           1      4.7886      4.7886           0
           2     4.85607     4.82234   0.0238546
           3     4.55958     4.73475   0.0732612
           4     4.33433     4.63465    0.102639
           5     4.89242      4.6862   0.0941732
           6     4.47884     4.65164   0.0845818
           7     4.49312       4.629   0.0754695
           8     4.35708     4.59501   0.0732914
           9     4.50585      4.5851    0.065814
          10     4.51701     4.57829   0.0595838
          11     4.89811     4.60736   0.0608485
          12     4.76845     4.62079   0.0572394
          13     4.72355     4.62869   0.0533794
          14     4.84634     4.64424   0.0517809
          15     4.52617     4.63637   0.0489234
          16     4.54876     4.63089   0.0461711
          17     4.50893     4.62372   0.0440091
          18     4.67846     4.62676   0.0416691
          19     4.82423     4.63715   0.0407515
          20     5.02493     4.65654   0.0430801
           1     4.39217     4.39217           0
           2      4.5931     4.49264   0.0710401
           3     4.22158     4.40228    0.087667
           4     3.81345     4.25508    0.143442
           5     4.46859     4.29778    0.120943
           6     4.03143     4.25339    0.108627
           7     3.86704      4.1982    0.106209
           8     3.90896     4.16204   0.0988953
           9      4.0489     4.14947   0.0887024
          10     4.03724     4.13825   0.0805389
          11     4.52167      4.1731   0.0804072
          12     4.23698     4.17843   0.0738826
          13     4.17832     4.17842   0.0681993
          14     4.15481     4.17673   0.0633488
          15     4.06635     4.16937   0.0595514
          16     4.05466      4.1622   0.0562594
          17     4.15093     4.16154   0.0529539
          18     3.99304     4.15218   0.0508327
          19     4.36542      4.1634   0.0493808
          20     4.55489     4.18298   0.0506429
           1     3.99925     3.99925           0
           2     3.89837     3.94881   0.0356651
           3     3.82018     3.90593   0.0423191
           4     3.54988     3.81692   0.0833669
           5     3.86971     3.82748   0.0673588
           6     3.70549     3.80715    0.059121
           7     3.52478     3.76681   0.0629496
           8     3.57564     3.74291   0.0594437
           9     3.59943     3.72697   0.0549351
          10     3.84421     3.73869   0.0506772
          11     3.81705     3.74582    0.046568
          12     3.96366     3.76397   0.0460901
          13     3.96774     3.77964   0.0451314
          14     3.68435     3.77284   0.0424179
          15     3.67565     3.76636   0.0400818
          16     3.54986     3.75283   0.0397951
          17     3.76406     3.75349   0.0374597
          18     3.63861     3.74711   0.0359182
          19     3.90243     3.75528   0.0349456
          20     3.98888     3.76696   0.0350961
           1     3.58488     3.58488           0
           2     3.45058     3.51773   0.0474847
           3     3.56276     3.53274   0.0339462
           4     3.27926     3.46937   0.0604985
           5     3.55399     3.48629   0.0507107
           6     3.35021     3.46361   0.0470581
           7     3.21761     3.42847   0.0518223
           8     3.27046     3.40872   0.0489641
           9     3.22702     3.38853   0.0475035
          10     3.36591     3.38627    0.042807
          11     3.24339     3.37328   0.0408385
          12     3.55306     3.38826   0.0400894
          13     3.49359     3.39636   0.0378156
          14       3.383     3.39541   0.0351265
          15      3.2753      3.3874   0.0336851
          16     3.13104     3.37138   0.0351846
          17     3.33342     3.36915   0.0331857
          18     3.34343     3.36772   0.0313728
          19     3.63234     3.38164    0.032667
          20     3.47434     3.38628   0.0313607
           1     3.12458     3.12458           0
           2     3.15149     3.13803  0.00951483
           3     3.24073     3.17227   0.0286623
           4     2.96164     3.11961   0.0504141
           5     3.23669     3.14303   0.0454452
           6     3.13999     3.14252   0.0378738
           7     2.85665     3.10168   0.0498336
           8     2.99383      3.0882   0.0453913
           9     2.93402     3.07107   0.0434604
          10     3.12349     3.07631   0.0394292
          11     2.97321     3.06694    0.036942
          12     3.20794     3.07869   0.0356833
          13     3.20158     3.08814   0.0341676
          14     3.04988     3.08541   0.0318361
          15     2.98054     3.07842   0.0304716
          16     2.90997     3.06789   0.0303314
          17      2.9693     3.06209   0.0290963
          18     3.12048     3.06533   0.0276601
          19     3.38615     3.08222   0.0309316
          20      3.1739      3.0868   0.0297227
           1     2.78129     2.78129           0
           2     2.90381     2.84255   0.0433168
           3     2.98181     2.88897    0.047651
           4     2.68742     2.83858   0.0564038
           5     2.95514     2.86189   0.0497076
           6     2.83027     2.85662   0.0417016
           7     2.63247      2.8246   0.0464391
           8     2.78156     2.81922   0.0409447
           9     2.62225     2.79734   0.0418373
          10     2.79886     2.79749   0.0376539
          11     2.72416     2.79082   0.0348158
          12     2.85911     2.79651   0.0323762
          13     2.85544     2.80105   0.0302014
          14     2.76574     2.79852   0.0281493
          15     2.67827     2.79051   0.0273905
          16     2.61135     2.77931   0.0278736
          17     2.66666     2.77268   0.0270102
          18     2.87376      2.7783   0.0260868
          19     2.96511     2.78813    0.026502
          20     2.82939     2.79019    0.025257
           1     2.57521     2.57521           0
           2      2.6551     2.61515   0.0282469
           3     2.71116     2.64715    0.032208
           4     2.44021     2.59542   0.0509009
           5     2.74228     2.62479   0.0484602
           6     2.59959     2.62059   0.0405651
           7     2.45973     2.59761   0.0407625
           8     2.54439     2.59096    0.036206
           9     2.45557     2.57592   0.0351697
          10     2.53908     2.57223    0.031845
          11     2.50721     2.56632   0.0294936
          12     2.66076     2.57419   0.0280661
          13     2.59498     2.57579   0.0259527
          14     2.53217     2.57267   0.0242852
          15     2.48635     2.56692   0.0233382
          16     2.43971     2.55897   0.0231943
          17     2.41543     2.55053   0.0233161
          18     2.65467     2.55631   0.0227273
          19     2.67675     2.56265   0.0223976
          20     2.61243     2.56514   0.0214156
           1     2.37979     2.37979           0
           2     2.50196     2.44087   0.0431928
           3     2.47574     2.45249   0.0303184
           4     2.29891      2.4141   0.0402839
           5     2.49915     2.43111   0.0356378
           6     2.43529      2.4318    0.029705
           7     2.36207     2.42184   0.0270805
           8     2.39305     2.41824   0.0239334
           9     2.27273     2.40207   0.0261715
          10     2.38712     2.40058    0.023597
          11     2.36741     2.39756   0.0216437
          12     2.44081     2.40117   0.0201378
          13     2.40777     2.40167   0.0185952
          14     2.35149     2.39809    0.017609
          15     2.32083     2.39294   0.0171718
          16     2.27062     2.38529   0.0177189
          17     2.26684     2.37833   0.0179946
          18     2.54896     2.38781   0.0193313
          19     2.53289     2.39544   0.0197645
          20     2.40145     2.39574   0.0187785
           1      2.1609      2.1609           0
           2     2.31957     2.24024   0.0560975
           3     2.30888     2.26312   0.0418055
           4     2.17639     2.24144   0.0365467
           5     2.34643     2.26244   0.0347499
           6     2.21235     2.25409    0.029944
           7     2.18545     2.24428   0.0272245
           8     2.18932     2.23741    0.024673
           9     2.10437     2.22263   0.0259852
          10     2.15607     2.21597   0.0242242
          11      2.1726     2.21203   0.0223406
          12     2.22052     2.21274   0.0204901
          13     2.19227     2.21116   0.0189743
          14     2.21189     2.21122   0.0176191
          15     2.21478     2.21145   0.0164461
          16     2.11457      2.2054   0.0164953
          17     2.10405     2.19944   0.0165673
          18     2.33791     2.20713   0.0173413
          19     2.37338     2.21588   0.0185049
          20     2.26861     2.21852   0.0177665
           1     2.03748     2.03748           0
           2     2.14965     2.09357   0.0396566
           3     2.13943     2.10885    0.029236
           4     2.07422     2.10019   0.0231735
           5     2.19443     2.11904   0.0250567
           6     2.05866     2.10898   0.0228124
           7      2.0871     2.10585   0.0197665
           8     2.00953     2.09381   0.0206394
           9     1.98006     2.08117   0.0218764
          10      2.0457     2.07762   0.0199743
          11     1.99866     2.07045   0.0194055
          12     2.06412     2.06992   0.0177955
          13      2.0319     2.06699   0.0166653
          14     1.97753      2.0606    0.016655
          15     2.04988     2.05989     0.01556
          16     2.01399     2.05702   0.0148495
          17     2.00319     2.05385   0.0143097
          18     2.17758     2.06073   0.0150754
          19     2.17201     2.06658   0.0153777
          20     2.10057     2.06828   0.0147024
           1     1.92345     1.92345           0
           2     2.04946     1.98645   0.0445526
           3     1.98154     1.98481   0.0297319
           4      1.9031     1.96438   0.0284651
           5     2.04727     1.98096   0.0271739
           6     1.87937     1.96403   0.0274176
           7     1.91929     1.95764   0.0242343
           8     1.89406     1.94969   0.0224702
           9     1.84651     1.93823   0.0227108
          10     1.92462     1.93687   0.0204804
          11     1.82642     1.92682   0.0209355
          12     1.89981     1.92457   0.0193115
          13     1.92152     1.92434   0.0178274
          14     1.84927     1.91898   0.0173417
          15     1.95592     1.92144   0.0163595
          16     1.90924     1.92068   0.0153548
          17     1.86048     1.91714   0.0148543
          18     2.03161      1.9235   0.0153301
          19     2.02097     1.92863   0.0153576
          20     1.94147     1.92927   0.0146032
           1     1.79882     1.79882           0
           2     1.89384     1.84633   0.0335943
           3     1.83984     1.84416   0.0224657
           4      1.7671      1.8249   0.0237132
           5     1.92872     1.84566   0.0265483
           6     1.75725     1.83093   0.0258919
           7     1.80863     1.82774   0.0223882
           8      1.7602      1.8193   0.0211218
           9     1.75086     1.81169   0.0200973
          10     1.82499     1.81302   0.0181316
          11     1.72513     1.80503   0.0181585
          12     1.77782     1.80277   0.0167864
          13     1.78106      1.8011   0.0155779
          14      1.7235     1.79555   0.0154198
          15     1.84493     1.79884   0.0147389
          16      1.8005     1.79895   0.0138181
          17     1.73785     1.79535   0.0134646
          18     1.89227     1.80074    0.013751
          19     1.89286     1.80559   0.0138557
          20     1.82869     1.80674    0.013211
           1     1.67966     1.67966           0
           2     1.75184     1.71575   0.0255206
           3     1.76217     1.73122   0.0211923
           4     1.68481     1.71962   0.0188044
           5      1.7944     1.73458   0.0201302
           6     1.62161     1.71575   0.0240164
           7     1.72972     1.71774   0.0206682
           8     1.65594     1.71002   0.0194753
           9     1.64369     1.70265   0.0186538
          10      1.7382      1.7062   0.0171238
          11     1.61199     1.69764   0.0175792
          12     1.66635     1.69503   0.0163065
          13     1.66516     1.69273   0.0152132
          14     1.64902     1.68961   0.0144433
          15     1.69465     1.68995   0.0134843
          16     1.68693     1.68976   0.0126429
          17     1.61765     1.68552   0.0125907
          18     1.77732     1.69062   0.0128829
          19     1.78027     1.69533   0.0130405
          20     1.70595     1.69587   0.0123992
           1     1.59053     1.59053           0
           2     1.62081     1.60567   0.0107046
           3     1.68061     1.63065   0.0216092
           4     1.57469     1.61666    0.020235
           5     1.63947     1.62122   0.0166944
           6     1.54463     1.60846   0.0181482
           7     1.63982     1.61294   0.0160993
           8     1.56006     1.60633   0.0153841
           9     1.57509     1.60286   0.0140607
          10      1.6522     1.60779   0.0134928
          11     1.54329     1.60193   0.0134804
          12     1.58173     1.60024   0.0124617
          13     1.58404       1.599   0.0115652
          14     1.55412     1.59579   0.0111746
          15     1.58339     1.59497   0.0104602
          16     1.56716     1.59323  0.00994972
          17     1.52221     1.58905   0.0102038
          18     1.70609     1.59555   0.0115239
          19     1.69772     1.60093   0.0121071
          20     1.58917     1.60034    0.011516
           1     1.49257     1.49257           0
           2     1.56112     1.52684    0.024236
           3     1.59795     1.55054   0.0252112
           4     1.48785     1.53487   0.0232759
           5      1.5434     1.53658   0.0186831
           6     1.48224     1.52752   0.0176283
           7     1.56282     1.53256   0.0158148
           8     1.48839     1.52704   0.0147703
           9     1.51807     1.52604   0.0131627
          10     1.55402     1.52884   0.0121401
          11     1.47089     1.52357   0.0121257
          12     1.49377     1.52109   0.0113668
          13     1.51653     1.52074   0.0104978
          14     1.50083     1.51932  0.00984384
          15     1.52419     1.51964  0.00919293
          16     1.51683     1.51947  0.00862005
          17     1.43792     1.51467  0.00935292
          18     1.58906      1.5188  0.00970356
          19     1.61355     1.52379   0.0103956
          20     1.51358     1.52328  0.00988833
           1     1.42647     1.42647           0
           2     1.49879     1.46263   0.0255669
           3     1.52249     1.48258   0.0235796
           4     1.40645     1.46355   0.0241762
           5     1.46247     1.46333   0.0193419
           6     1.40223     1.45315    0.018607
           7     1.45536     1.45347   0.0159515
           8     1.43189     1.45077   0.0141837
           9      1.4416     1.44975   0.0126443
          10     1.48788     1.45356    0.011941
          11     1.40509     1.44916   0.0116401
          12     1.42627     1.44725   0.0108252
          13     1.44844     1.44734  0.00999283
          14     1.42554     1.44578  0.00939963
          15     1.44284     1.44559  0.00877503
          16     1.42737     1.44445   0.0083001
          17       1.369     1.44001  0.00891997
          18     1.48477      1.4425  0.00876417
          19     1.54164     1.44772  0.00973311
          20     1.44213     1.44744  0.00925046
           1     1.35336     1.35336           0
           2     1.41566     1.38451   0.0220278
           3     1.44914     1.40605   0.0229139
           4     1.33256     1.38768   0.0234202
           5      1.3805     1.38624   0.0187802
           6     1.33693     1.37803   0.0173559
           7     1.36666      1.3764   0.0149523
           8     1.37973     1.37682    0.013089
           9     1.35688      1.3746   0.0118208
          10      1.4248     1.37962   0.0116559
          11      1.3542     1.37731   0.0108229
          12     1.33601     1.37387    0.010454
          13     1.37162      1.3737  0.00965125
          14     1.34964     1.37198  0.00911355
          15     1.37678      1.3723   0.0085116
          16     1.34792     1.37077  0.00811484
          17      1.2873     1.36586  0.00900118
          18     1.40558     1.36807  0.00876733
          19     1.42593     1.37112  0.00881888
          20     1.36745     1.37093  0.00837984
