           1   -0.973568   -0.973568           0
           2   -0.975352    -0.97446 0.000630739
           3   -0.975272   -0.974731 0.000475031
           4   -0.973552   -0.974436 0.000438237
           5   -0.974832   -0.974515 0.000357675
           6   -0.968504   -0.973513 0.000961919
           7   -0.973184   -0.973466 0.000825652
           8   -0.972304   -0.973321 0.000735117
           9   -0.976512   -0.973676 0.000733977
          10   -0.970592   -0.973367 0.000722454
          11    -0.97076    -0.97313 0.000694569
          12   -0.965888   -0.972527 0.000859796
          13   -0.971264    -0.97243 0.000799125
          14   -0.978184   -0.972841 0.000841137
          15    -0.97216   -0.972795 0.000786284
          16   -0.975216   -0.972947 0.000751557
          17    -0.97924   -0.973317 0.000793304
          18    -0.97556   -0.973441 0.000758958
          19   -0.983064   -0.973948 0.000871767
          20   -0.972864   -0.973894 0.000829861
           1   -0.954632   -0.954632           0
           2    -0.95324   -0.953936 0.000492146
           3   -0.955072   -0.954315 0.000450822
           4   -0.952816    -0.95394 0.000468619
           5   -0.956168   -0.954386 0.000547169
           6   -0.954632   -0.954427 0.000457513
           7   -0.958416   -0.954997 0.000657402
           8    -0.95004   -0.954377  0.00081656
           9   -0.961544   -0.955173  0.00104428
          10   -0.954896   -0.955146 0.000940219
          11   -0.944656   -0.954192  0.00124791
          12   -0.947896   -0.953667  0.00124935
          13   -0.945296   -0.953023  0.00130872
          14    -0.95508    -0.95317  0.00122346
          15   -0.955656   -0.953336  0.00115306
          16   -0.952888   -0.953308  0.00108134
          17   -0.962216   -0.953832  0.00113763
          18    -0.95192   -0.953726  0.00107937
          19   -0.962008   -0.954162  0.00110709
          20    -0.95572    -0.95424  0.00105447
           1   -0.930224   -0.930224           0
           2   -0.933488   -0.931856    0.001154
           3   -0.940296   -0.934669  0.00242249
           4   -0.932616   -0.934156  0.00187046
           5   -0.936272   -0.934579   0.0015435
           6    -0.93044   -0.933889  0.00143215
           7   -0.939136   -0.934639  0.00141011
           8    -0.92792   -0.933799  0.00146273
           9   -0.934704     -0.9339  0.00130365
          10   -0.928392   -0.933349  0.00128437
          11    -0.92336   -0.932441   0.0014536
          12   -0.934552   -0.932617  0.00134307
          13   -0.932528    -0.93261  0.00123977
          14   -0.927112   -0.932217  0.00121182
          15   -0.933768   -0.932321  0.00113543
          16   -0.935896   -0.932544  0.00108624
          17    -0.92996   -0.932392  0.00103292
          18   -0.934928   -0.932533 0.000985097
          19   -0.938072   -0.932824 0.000975435
          20    -0.93392   -0.932879   0.0009282
           1    -0.91072    -0.91072           0
           2   -0.909816   -0.910268 0.000319612
           3   -0.914776   -0.911771  0.00124529
           4   -0.912768    -0.91202 0.000958601
           5   -0.911168    -0.91185 0.000781879
           6     -0.9126   -0.911975 0.000661493
           7   -0.915088   -0.912419  0.00070074
           8   -0.909752   -0.912086 0.000687915
           9   -0.914304   -0.912332 0.000654137
          10   -0.911376   -0.912237 0.000595674
          11    -0.90668   -0.911732 0.000724733
          12   -0.911088   -0.911678  0.00066632
          13   -0.903944   -0.911083  0.00083965
          14     -0.9108   -0.911063 0.000779919
          15   -0.912656   -0.911169  0.00073512
          16    -0.91464   -0.911386 0.000720473
          17    -0.91212   -0.911429 0.000679385
          18   -0.911072   -0.911409 0.000641931
          19   -0.912992   -0.911493 0.000613526
          20   -0.914584   -0.911647 0.000602005
           1   -0.888352   -0.888352           0
           2   -0.887896   -0.888124  0.00016122
           3   -0.889688   -0.888645 0.000439027
           4   -0.896472   -0.890602  0.00172622
           5   -0.886544    -0.88979  0.00156014
           6   -0.890256   -0.889868  0.00130205
           7    -0.88812   -0.889618  0.00113973
           8   -0.887248   -0.889322  0.00103506
           9   -0.888752   -0.889259 0.000921992
          10   -0.889216   -0.889254 0.000829802
          11   -0.889496   -0.889276 0.000754656
          12   -0.888296   -0.889195 0.000696176
          13   -0.884552   -0.888838 0.000728489
          14     -0.8886   -0.888821 0.000676651
          15    -0.89296   -0.889097 0.000685509
          16   -0.895128   -0.889473 0.000739081
          17   -0.890032   -0.889506 0.000696335
          18   -0.888936   -0.889475  0.00065837
          19   -0.887032   -0.889346 0.000636148
          20   -0.889432    -0.88935 0.000604355
           1   -0.865096   -0.865096           0
           2    -0.86792   -0.866508 0.000998435
           3   -0.866248   -0.866421 0.000669374
           4   -0.868632   -0.866974 0.000693625
           5    -0.86412   -0.866403 0.000754032
           6   -0.870144   -0.867027 0.000847798
           7   -0.866576   -0.866962 0.000729124
           8   -0.864448   -0.866648 0.000702461
           9   -0.861808    -0.86611 0.000804338
          10   -0.866016   -0.866101 0.000723959
          11   -0.865712   -0.866065 0.000659007
          12   -0.867304   -0.866169 0.000612119
          13   -0.866344   -0.866182 0.000565181
          14   -0.868208   -0.866327 0.000543019
          15   -0.867104   -0.866379 0.000509284
          16   -0.868624   -0.866519 0.000496412
          17    -0.86708   -0.866552 0.000468306
          18   -0.866896   -0.866571 0.000442679
          19   -0.866408   -0.866563 0.000419464
          20   -0.868648   -0.866667 0.000411247
           1   -0.842416   -0.842416           0
           2   -0.844264    -0.84334 0.000653367
           3   -0.844192   -0.843624 0.000493456
           4   -0.847888    -0.84469 0.000994603
           5    -0.84684    -0.84512 0.000883759
           6   -0.839864   -0.844244  0.00108713
           7   -0.849816    -0.84504  0.00118803
           8   -0.841768   -0.844631  0.00110769
           9   -0.843096    -0.84446 0.000997658
          10   -0.842448   -0.844259 0.000917965
          11   -0.843776   -0.844215 0.000835564
          12   -0.846528   -0.844408 0.000787847
          13   -0.842168   -0.844236 0.000745848
          14   -0.845016   -0.844291 0.000694653
          15   -0.845112   -0.844346 0.000650493
          16    -0.84692   -0.844507 0.000629414
          17   -0.840096   -0.844248 0.000643654
          18    -0.84012   -0.844018 0.000647454
          19   -0.840864   -0.843852 0.000634304
          20   -0.846712   -0.843995 0.000618496
           1   -0.821144   -0.821144           0
           2    -0.81988   -0.820512 0.000446891
           3   -0.820696   -0.820573 0.000302107
           4   -0.821656   -0.820844 0.000326012
           5   -0.825136   -0.821702 0.000810865
           6    -0.81956   -0.821345 0.000750231
           7   -0.822704   -0.821539  0.00066769
           8   -0.819544    -0.82129 0.000629096
           9   -0.820008   -0.821148 0.000575097
          10   -0.821392   -0.821172 0.000518106
          11   -0.821584   -0.821209 0.000472358
          12   -0.822096   -0.821283 0.000438734
          13   -0.821072   -0.821267 0.000405286
          14      -0.828   -0.821748 0.000596989
          15   -0.815224   -0.821313 0.000697866
          16   -0.820248   -0.821246 0.000657416
          17   -0.820768   -0.821218 0.000619347
          18     -0.8146   -0.820851 0.000685446
          19   -0.818816   -0.820744 0.000657682
          20    -0.82124   -0.820768 0.000625266
           1    -0.79732    -0.79732           0
           2    -0.79744    -0.79738 4.24264e-05
           3   -0.797488   -0.797416 4.07922e-05
           4   -0.796888   -0.797284 0.000118338
           5   -0.803192   -0.798466  0.00106109
           6   -0.799024   -0.798559 0.000888311
           7   -0.795536   -0.798127 0.000859981
           8   -0.794368   -0.797657 0.000871436
           9    -0.79992   -0.797908 0.000810074
          10    -0.79692    -0.79781 0.000735072
          11    -0.79928   -0.797943 0.000680293
          12   -0.797504   -0.797907 0.000624586
          13   -0.799832   -0.798055 0.000593841
          14   -0.802024   -0.798338 0.000615392
          15   -0.797408   -0.798276 0.000577483
          16   -0.802112   -0.798516 0.000589053
          17   -0.797408   -0.798451 0.000557997
          18   -0.795432   -0.798283 0.000551626
          19     -0.7958   -0.798152 0.000537851
          20   -0.797184   -0.798104 0.000513134
           1   -0.777672   -0.777672           0
           2   -0.777832   -0.777752 5.65685e-05
           3   -0.774552   -0.776685 0.000871746
           4   -0.777024    -0.77677 0.000657908
           5   -0.779272    -0.77727 0.000690898
           6   -0.778568   -0.777487 0.000608656
           7   -0.773848   -0.776967 0.000709773
           8   -0.772856   -0.776453 0.000785333
           9   -0.778888   -0.776724 0.000743219
          10   -0.777856   -0.776837 0.000677469
          11   -0.775792   -0.776742 0.000622504
          12   -0.774792   -0.776579 0.000591454
          13   -0.777104    -0.77662 0.000547333
          14    -0.77808   -0.776724 0.000518082
          15   -0.775768    -0.77666 0.000487447
          16    -0.77512   -0.776564 0.000466391
          17   -0.773944    -0.77641 0.000463721
          18   -0.775472   -0.776358 0.000440877
          19   -0.773728   -0.776219 0.000438861
          20   -0.773704   -0.776094 0.000434566
           1   -0.756048   -0.756048           0
           2   -0.754656   -0.755352 0.000492146
           3   -0.755632   -0.755445 0.000336831
           4   -0.753632   -0.754992 0.000466853
           5   -0.755944   -0.755182 0.000410477
           6   -0.754968   -0.755147 0.000343616
           7   -0.753432   -0.754902 0.000371721
           8   -0.752216   -0.754566 0.000452114
           9   -0.754544   -0.754564 0.000401886
          10   -0.754072   -0.754514 0.000364691
          11   -0.753304   -0.754404 0.000347742
          12   -0.753392    -0.75432 0.000328838
          13   -0.754064     -0.7543 0.000304132
          14   -0.756872   -0.754484 0.000333297
          15   -0.752192   -0.754331 0.000344326
          16   -0.757384   -0.754522 0.000371931
          17    -0.75412   -0.754498 0.000350804
          18    -0.75568   -0.754564 0.000337401
          19   -0.754264   -0.754548 0.000320012
          20   -0.751352   -0.754388 0.000341593
           1   -0.734776   -0.734776           0
           2   -0.735168   -0.734972 0.000138593
           3   -0.732656     -0.7342 0.000637071
           4   -0.731984   -0.733646 0.000677114
           5    -0.73344   -0.733605 0.000542943
           6   -0.733824   -0.733641  0.00045368
           7    -0.73416   -0.733715 0.000394873
           8   -0.731312   -0.733415  0.00044537
           9   -0.732344   -0.733296 0.000411476
          10   -0.733232    -0.73329 0.000370378
          11   -0.734984   -0.733444 0.000367345
          12   -0.732072   -0.733329 0.000354069
          13    -0.73224   -0.733246 0.000336603
          14    -0.73428   -0.733319 0.000320567
          15   -0.732672   -0.733276 0.000302088
          16   -0.735056   -0.733388 0.000302995
          17   -0.734248   -0.733438 0.000289369
          18    -0.73456     -0.7335 0.000279925
          19    -0.73456   -0.733556  0.00027069
          20   -0.733224    -0.73354 0.000257664
           1    -0.71268    -0.71268           0
           2   -0.714424   -0.713552 0.000616597
           3   -0.713224   -0.713443 0.000420646
           4   -0.711784   -0.713028 0.000478008
           5   -0.713992   -0.713221 0.000419491
           6   -0.715688   -0.713632  0.00051294
           7    -0.70864   -0.712919 0.000793236
           8    -0.71236   -0.712849 0.000697151
           9   -0.714768   -0.713062 0.000651481
          10    -0.71324    -0.71308 0.000586575
          11   -0.709992   -0.712799 0.000596657
          12   -0.711672   -0.712705 0.000554281
          13   -0.715632    -0.71293 0.000555485
          14   -0.714432   -0.713038  0.00052606
          15   -0.712568   -0.713006  0.00049192
          16    -0.71464   -0.713108 0.000471652
          17    -0.71316   -0.713112 0.000443917
          18   -0.711496   -0.713022 0.000428232
          19   -0.710904    -0.71291 0.000419949
          20   -0.710304    -0.71278 0.000418683
           1   -0.695616   -0.695616           0
           2   -0.695176   -0.695396 0.000155563
           3   -0.694448    -0.69508 0.000278076
           4   -0.690768   -0.694002 0.000956587
           5   -0.695648   -0.694331 0.000819961
           6    -0.69376   -0.694236 0.000688805
           7    -0.69052   -0.693705 0.000768198
           8   -0.693384   -0.693665 0.000673221
           9   -0.691312   -0.693404 0.000647197
          10    -0.69408   -0.693471 0.000586001
          11   -0.693224   -0.693449 0.000533159
          12   -0.692176   -0.693343 0.000499167
          13   -0.695192   -0.693485 0.000480613
          14   -0.692392   -0.693407 0.000452579
          15   -0.691816   -0.693301 0.000434656
          16   -0.694984   -0.693406 0.000420028
          17   -0.692752   -0.693368 0.000397079
          18   -0.692032   -0.693293 0.000381888
          19   -0.692048   -0.693228  0.00036737
          20   -0.693048   -0.693219 0.000349111
           1   -0.674264   -0.674264           0
           2    -0.67372   -0.673992 0.000192333
           3   -0.673536    -0.67384 0.000178448
           4   -0.672976   -0.673624 0.000230009
           5   -0.677112   -0.674322 0.000650519
           6   -0.674432    -0.67434 0.000542359
           7    -0.67208   -0.674017 0.000552683
           8   -0.669712   -0.673479 0.000698044
           9   -0.672624   -0.673384 0.000626914
          10   -0.671304   -0.673176 0.000597733
          11   -0.671968   -0.673066  0.00055339
          12   -0.672072   -0.672983 0.000513438
          13   -0.675256   -0.673158 0.000502825
          14    -0.67372   -0.673198 0.000468508
          15   -0.668272    -0.67287 0.000540257
          16   -0.669368   -0.672651 0.000549037
          17   -0.674464   -0.672758 0.000526997
          18    -0.67184   -0.672707 0.000500179
          19   -0.672376   -0.672689 0.000474156
          20   -0.673024   -0.672706 0.000450744
           1   -0.655272   -0.655272           0
           2   -0.655752   -0.655512 0.000169706
           3    -0.65516   -0.655395  0.00014825
           4   -0.653672   -0.654964 0.000389189
           5   -0.658264   -0.655624 0.000667398
           6   -0.653736   -0.655309 0.000625965
           7   -0.654208   -0.655152 0.000555962
           8   -0.652352   -0.654802 0.000586377
           9   -0.654296   -0.654746 0.000523912
          10   -0.654344   -0.654706 0.000473059
          11   -0.654376   -0.654676 0.000431001
          12   -0.652664   -0.654508 0.000426441
          13    -0.65616   -0.654635 0.000412137
          14    -0.65724   -0.654821 0.000422618
          15   -0.652824   -0.654688 0.000414887
          16   -0.650992   -0.654457 0.000448679
          17   -0.654904   -0.654483 0.000423056
          18    -0.65484   -0.654503 0.000400017
          19   -0.658112   -0.654693 0.000421654
          20   -0.654352   -0.654676 0.000400916
           1    -0.63796    -0.63796           0
           2   -0.636528   -0.637244 0.000506288
           3   -0.635712   -0.636733 0.000536449
           4   -0.634872   -0.636268 0.000569452
           5   -0.639776    -0.63697 0.000775455
           6   -0.637056   -0.636984 0.000646346
           7   -0.636776   -0.636954 0.000554694
           8   -0.636768   -0.636931 0.000485846
           9   -0.637912    -0.63704 0.000443921
          10   -0.635912   -0.636927 0.000413612
          11   -0.637576   -0.636986 0.000380193
          12    -0.63792   -0.637064 0.000356386
          13   -0.641912   -0.637437 0.000486411
          14     -0.6376   -0.637449 0.000451807
          15   -0.633968   -0.637217 0.000477569
          16    -0.63276   -0.636938 0.000522672
          17   -0.637096   -0.636947 0.000492009
          18    -0.63872   -0.637046 0.000474429
          19   -0.638072     -0.6371 0.000452523
          20   -0.637248   -0.637107 0.000429958
           1   -0.616744   -0.616744           0
           2   -0.622416    -0.61958  0.00200535
           3   -0.620256   -0.619805   0.0013495
           4   -0.617688   -0.619276   0.0011111
           5   -0.621928   -0.619806  0.00100756
           6    -0.62188   -0.620152 0.000896946
           7    -0.62152   -0.620347 0.000789814
           8    -0.61968   -0.620264  0.00069548
           9   -0.620536   -0.620294  0.00061886
          10    -0.62048   -0.620313 0.000557253
          11   -0.619768   -0.620263  0.00050879
          12     -0.6216   -0.620375  0.00047843
          13   -0.620464   -0.620382 0.000441677
          14    -0.61732   -0.620163 0.000461098
          15   -0.620368   -0.620177 0.000430561
          16   -0.617504   -0.620009 0.000434845
          17    -0.62176   -0.620112 0.000421281
          18   -0.620768   -0.620149 0.000399448
          19   -0.622104   -0.620252 0.000391454
          20   -0.616592   -0.620069  0.00041244
           1   -0.604472   -0.604472           0
           2   -0.605952   -0.605212 0.000523259
           3   -0.602512   -0.604312 0.000813443
           4   -0.599376   -0.603078  0.00123056
           5   -0.604504   -0.603363  0.00101696
           6   -0.603648   -0.603411 0.000848571
           7    -0.60316   -0.603375 0.000728102
           8   -0.601656    -0.60316 0.000668039
           9   -0.601416   -0.602966 0.000621282
          10    -0.60508   -0.603178 0.000594024
          11   -0.602272   -0.603095 0.000545697
          12    -0.60412   -0.603181  0.00050686
          13    -0.60548   -0.603358 0.000497775
          14   -0.603096   -0.603339  0.00046257
          15   -0.603712   -0.603364 0.000432401
          16    -0.59984   -0.603144  0.00045804
          17   -0.605288    -0.60327 0.000448131
          18   -0.603192   -0.603265 0.000423255
          19   -0.604496    -0.60333 0.000405905
          20   -0.601624   -0.603245 0.000394472
           1   -0.586624   -0.586624           0
           2    -0.58768   -0.587152 0.000373352
           3   -0.586568   -0.586957 0.000295323
           4   -0.583616   -0.586122 0.000756568
           5   -0.592032   -0.587304  0.00121821
           6   -0.587304   -0.587304  0.00101517
           7   -0.590096   -0.587703 0.000945262
           8   -0.584544   -0.587308 0.000905828
           9   -0.584152   -0.586957 0.000870413
          10   -0.591336   -0.587395 0.000886694
          11   -0.588136   -0.587463 0.000808639
          12   -0.588248   -0.587528 0.000743897
          13   -0.588128   -0.587574 0.000688104
          14   -0.587616   -0.587577  0.00063896
          15    -0.58744   -0.587568 0.000596428
          16   -0.585272   -0.587425 0.000576156
          17    -0.58776   -0.587444 0.000542602
          18   -0.586528   -0.587393  0.00051484
          19     -0.5904   -0.587552 0.000511485
          20   -0.585736   -0.587461 0.000493901
           1   -0.570288   -0.570288           0
           2   -0.571328   -0.570808 0.000367696
           3   -0.570888   -0.570835 0.000246095
           4   -0.568552   -0.570264 0.000527553
           5   -0.575824   -0.571376  0.00108044
           6   -0.574296   -0.571863  0.00100401
           7   -0.575464   -0.572377   0.0009836
           8   -0.571632   -0.572284 0.000865049
           9   -0.569592   -0.571985 0.000819014
          10   -0.573384   -0.572125 0.000748968
          11   -0.574464   -0.572337 0.000710428
          12   -0.574016   -0.572477 0.000664854
          13   -0.573952   -0.572591 0.000623313
          14   -0.571352   -0.572502 0.000585037
          15   -0.573088   -0.572541 0.000547337
          16   -0.568584   -0.572294  0.00056626
          17   -0.572472   -0.572304 0.000533048
          18   -0.571648   -0.572268  0.00050468
          19   -0.573072    -0.57231 0.000479889
          20   -0.570072   -0.572198 0.000468763
           1   -0.555984   -0.555984           0
           2    -0.55632   -0.556152 0.000118794
           3   -0.557504   -0.556603 0.000376394
           4   -0.553488   -0.555824 0.000731049
           5   -0.561336   -0.556926  0.00114641
           6   -0.559568   -0.557367  0.00103644
           7    -0.55932   -0.557646 0.000925182
           8   -0.557904   -0.557678 0.000810097
           9   -0.554688   -0.557346  0.00078526
          10    -0.55768   -0.557379 0.000707444
          11   -0.560288   -0.557644 0.000690788
          12   -0.560208   -0.557857 0.000665455
          13   -0.559672   -0.557997 0.000628737
          14   -0.555128   -0.557792 0.000616318
          15    -0.55792   -0.557801 0.000575289
          16   -0.557088   -0.557756 0.000541055
          17   -0.557328   -0.557731 0.000509813
          18   -0.555088   -0.557584 0.000502188
          19   -0.557416   -0.557575 0.000475835
          20   -0.555872    -0.55749   0.0004596
           1   -0.540944   -0.540944           0
           2   -0.541672   -0.541308 0.000257387
           3   -0.544144   -0.542253 0.000790705
           4   -0.539584   -0.541586  0.00082806
           5   -0.545624   -0.542394 0.000980108
           6   -0.546208   -0.543029  0.00100194
           7    -0.54472   -0.543271 0.000887441
           8   -0.543528   -0.543303 0.000777093
           9   -0.542704   -0.543236 0.000693593
          10   -0.543416   -0.543254 0.000624466
          11   -0.543432   -0.543271 0.000567905
          12   -0.545304    -0.54344 0.000545275
          13   -0.545248   -0.543579 0.000520766
          14   -0.543096   -0.543545  0.00048471
          15   -0.546064   -0.543713 0.000480617
          16   -0.544288   -0.543748 0.000451922
          17   -0.544968    -0.54382 0.000430994
          18   -0.545048   -0.543888 0.000412412
          19   -0.545472   -0.543972 0.000399039
          20   -0.542872   -0.543917 0.000382857
           1     -0.5272     -0.5272           0
           2   -0.530392   -0.528796  0.00112854
           3   -0.530552   -0.529381 0.000891324
           4   -0.526928   -0.528768 0.000853824
           5   -0.531392   -0.529293 0.000828796
           6   -0.529296   -0.529293 0.000690663
           7    -0.53248   -0.529749 0.000726702
           8   -0.530616   -0.529857 0.000643903
           9   -0.530832   -0.529965   0.0005814
          10     -0.5302   -0.529989 0.000523733
          11   -0.532048   -0.530176 0.000508478
          12    -0.53312   -0.530421 0.000521945
          13   -0.532896   -0.530612  0.00051534
          14   -0.530184   -0.530581 0.000479435
          15   -0.532184   -0.530688 0.000459226
          16   -0.532192   -0.530782  0.00044004
          17   -0.531408   -0.530819 0.000415693
          18   -0.529032    -0.53072 0.000404278
          19    -0.53096   -0.530732 0.000383198
          20   -0.530768   -0.530734 0.000364043
           1   -0.516568   -0.516568           0
           2   -0.518632     -0.5176 0.000729734
           3   -0.517272   -0.517491 0.000494612
           4   -0.514176   -0.516662 0.000807853
           5   -0.518232   -0.516976 0.000704669
           6   -0.516056   -0.516823 0.000603676
           7   -0.519976   -0.517273  0.00066459
           8   -0.519488    -0.51755 0.000636576
           9   -0.516024    -0.51738 0.000587993
          10     -0.5178   -0.517422 0.000530689
          11   -0.518576   -0.517527 0.000492698
          12   -0.518376   -0.517598 0.000456688
          13   -0.521296   -0.517882 0.000502399
          14   -0.517024   -0.517821 0.000470241
          15   -0.520864   -0.518024 0.000480659
          16   -0.519544   -0.518119  0.00045991
          17    -0.51756   -0.518086 0.000434031
          18   -0.518648   -0.518117 0.000411039
          19   -0.519232   -0.518176  0.00039357
          20   -0.516256    -0.51808 0.000385422
           1   -0.503832   -0.503832           0
           2   -0.508064   -0.505948  0.00149624
           3   -0.504712   -0.505536  0.00105269
           4    -0.50084   -0.504362  0.00128726
           5   -0.505536   -0.504597  0.00105101
           6   -0.505928   -0.504819 0.000898951
           7   -0.510176   -0.505584  0.00104679
           8   -0.505352   -0.505555 0.000916345
           9   -0.504568   -0.505445 0.000821065
          10   -0.505448   -0.505446 0.000738958
          11   -0.506696   -0.505559 0.000680467
          12    -0.50932   -0.505873 0.000692178
          13    -0.50712   -0.505969 0.000645549
          14   -0.505192   -0.505913 0.000601817
          15   -0.508224   -0.506067  0.00058108
          16   -0.507192   -0.506138 0.000548998
          17   -0.504768   -0.506057 0.000522581
          18    -0.50544   -0.506023 0.000494672
          19   -0.505736   -0.506008 0.000468866
          20   -0.506984   -0.506056 0.000447958
           1   -0.493104   -0.493104           0
           2   -0.495424   -0.494264 0.000820244
           3    -0.49556   -0.494696 0.000650721
           4   -0.489968   -0.493514  0.00113403
           5   -0.495144    -0.49384 0.000952931
           6   -0.495728   -0.494155 0.000844466
           7   -0.496472   -0.494486 0.000786043
           8   -0.494384   -0.494473  0.00068789
           9   -0.491208    -0.49411 0.000700618
          10   -0.492248   -0.493924 0.000654837
          11    -0.49576   -0.494091 0.000616211
          12   -0.497672   -0.494389 0.000633011
          13   -0.494552   -0.494402 0.000584441
          14    -0.49384   -0.494362 0.000544072
          15    -0.49656   -0.494508 0.000527169
          16   -0.496888   -0.494657 0.000514775
          17   -0.491448   -0.494468 0.000517948
          18   -0.495592   -0.494531 0.000492922
          19    -0.49156   -0.494374 0.000491149
          20   -0.496008   -0.494456 0.000473336
           1   -0.480824   -0.480824           0
           2   -0.483472   -0.482148 0.000936209
           3   -0.483536   -0.482611  0.00072956
           4    -0.48048   -0.482078 0.000715678
           5   -0.482888    -0.48224 0.000590593
           6   -0.484016   -0.482536 0.000561458
           7     -0.4844   -0.482802 0.000540722
           8   -0.483176   -0.482849 0.000475145
           9   -0.480264   -0.482562 0.000501708
          10   -0.481216   -0.482427  0.00046924
          11   -0.484208   -0.482589 0.000453649
          12   -0.485912   -0.482866 0.000493169
          13   -0.483288   -0.482898   0.0004563
          14   -0.481616   -0.482807 0.000432805
          15   -0.483408   -0.482847 0.000405802
          16     -0.4846   -0.482956 0.000394954
          17   -0.481472   -0.482869 0.000381253
          18      -0.484   -0.482932 0.000365212
          19   -0.481008   -0.482831 0.000359755
          20   -0.485048   -0.482942 0.000358442
           1   -0.468824   -0.468824           0
           2   -0.471624   -0.470224 0.000989949
           3   -0.471416   -0.470621 0.000735394
           4   -0.470472   -0.470584 0.000552493
           5   -0.472744   -0.471016 0.000587076
           6   -0.473704   -0.471464 0.000637651
           7   -0.473616   -0.471771 0.000616228
           8   -0.471112   -0.471689 0.000544684
           9   -0.469912   -0.471492 0.000518717
          10   -0.469848   -0.471327 0.000492195
          11   -0.471664   -0.471358 0.000448401
          12   -0.474448   -0.471615 0.000479309
          13   -0.472584    -0.47169 0.000448194
          14   -0.471288   -0.471661 0.000417098
          15   -0.473856   -0.471807 0.000414163
          16   -0.471792   -0.471806 0.000388279
          17   -0.471968   -0.471816 0.000365555
          18   -0.472672   -0.471864 0.000348326
          19   -0.471736   -0.471857 0.000330058
          20    -0.47264   -0.471896 0.000315869
           1   -0.460424   -0.460424           0
           2   -0.461024   -0.460724 0.000212132
           3    -0.46144   -0.460963 0.000240779
           4   -0.459136   -0.460506 0.000434763
           5   -0.464128    -0.46123 0.000735375
           6   -0.462304   -0.461409 0.000634208
           7   -0.464712   -0.461881 0.000697361
           8    -0.46116   -0.461791 0.000615989
           9   -0.459752   -0.461564 0.000587734
          10   -0.460424    -0.46145 0.000539912
          11   -0.464832   -0.461758 0.000571688
          12    -0.46288   -0.461851 0.000531641
          13   -0.462904   -0.461932 0.000496874
          14     -0.4614   -0.461894 0.000462835
          15   -0.462792   -0.461954 0.000435832
          16   -0.460472   -0.461862 0.000418321
          17   -0.461384   -0.461833 0.000394656
          18     -0.4638   -0.461943 0.000387558
          19   -0.461384   -0.461913 0.000368274
          20   -0.462024   -0.461919 0.000349902
           1     -0.9726     -0.9726           0
           2   -0.975984   -0.974292  0.00119642
           3   -0.977416   -0.975333  0.00116581
           4   -0.961984   -0.971996  0.00301958
           5   -0.979832   -0.973563   0.0027929
           6     -0.9716   -0.973236  0.00234651
           7   -0.978056   -0.973925   0.0021099
           8   -0.957488    -0.97187  0.00266495
           9    -0.96476    -0.97108  0.00248318
          10   -0.973736   -0.971346  0.00224902
          11   -0.963976   -0.970676  0.00214203
          12   -0.967656   -0.970424  0.00197825
          13    -0.97164   -0.970518  0.00182829
          14   -0.978312   -0.971074  0.00178045
          15   -0.983336   -0.971892  0.00183986
          16   -0.964944   -0.971457  0.00177537
          17   -0.979048   -0.971904  0.00172617
          18    -0.97284   -0.971956  0.00163106
          19    -0.97036   -0.971872  0.00154737
          20   -0.977016   -0.972129  0.00149123
           1    -0.95396    -0.95396           0
           2   -0.949368   -0.951664  0.00162352
           3   -0.961632   -0.954987  0.00292088
           4   -0.939032   -0.950998  0.00409037
           5   -0.958552   -0.952509  0.00354033
           6   -0.956144   -0.953115  0.00300167
           7   -0.953888   -0.953225  0.00257489
           8   -0.951256   -0.952979  0.00226476
           9     -0.9504   -0.952692  0.00203117
          10    -0.95656   -0.953079  0.00186451
          11   -0.957656   -0.953495  0.00174081
          12   -0.953424   -0.953489  0.00159576
          13   -0.955848   -0.953671  0.00148328
          14   -0.959392   -0.954079  0.00143253
          15   -0.965848   -0.954864  0.00153693
          16   -0.955952   -0.954932  0.00144237
          17   -0.949472   -0.954611  0.00139283
          18   -0.960592   -0.954943  0.00135451
          19   -0.957288   -0.955067  0.00128883
          20   -0.954104   -0.955018  0.00122528
           1    -0.93792    -0.93792           0
           2    -0.92692    -0.93242  0.00388909
           3   -0.940008   -0.934949   0.0033147
           4   -0.939992    -0.93621  0.00271519
           5   -0.932888   -0.935546  0.00225198
           6    -0.92936   -0.934515   0.0020994
           7   -0.929856   -0.933849  0.00190205
           8   -0.928904   -0.933231  0.00176188
           9    -0.93032   -0.932908  0.00159553
          10   -0.930464   -0.932663  0.00145457
          11   -0.934248   -0.932807  0.00132945
          12    -0.93044    -0.93261  0.00123321
          13   -0.931024   -0.932488  0.00114437
          14     -0.9348   -0.932653  0.00107448
          15   -0.946096   -0.933549  0.00132488
          16    -0.93048   -0.933358  0.00125589
          17   -0.931192    -0.93323  0.00118845
          18   -0.941104   -0.933668  0.00120024
          19    -0.93716   -0.933851  0.00115106
          20   -0.942216    -0.93427  0.00116701
           1   -0.916864   -0.916864           0
           2   -0.910064   -0.913464  0.00240416
           3   -0.918392   -0.915107  0.00208993
           4   -0.916248   -0.915392   0.0015868
           5   -0.908944   -0.914102  0.00171521
           6   -0.909872   -0.913397  0.00156757
           7   -0.909224   -0.912801  0.00145259
           8   -0.912872    -0.91281  0.00127104
           9   -0.917448   -0.913325  0.00122985
          10   -0.917504   -0.913743  0.00117572
          11   -0.901904   -0.912667  0.00148172
          12   -0.923464   -0.913567  0.00160839
          13   -0.911096   -0.913377  0.00149586
          14   -0.908488   -0.913027  0.00142919
          15   -0.921168    -0.91357  0.00143325
          16   -0.909832   -0.913336  0.00136258
          17   -0.910576   -0.913174  0.00129207
          18   -0.908104   -0.912892  0.00125061
          19   -0.910096   -0.912745  0.00119342
          20   -0.918208   -0.913018  0.00116458
           1   -0.895048   -0.895048           0
           2   -0.889544   -0.892296  0.00194596
           3   -0.894888    -0.89316  0.00147671
           4   -0.893296   -0.893194  0.00110792
           5   -0.884256   -0.891406  0.00182812
           6   -0.890632   -0.891277  0.00152798
           7   -0.885656   -0.890474  0.00150601
           8   -0.893208   -0.890816  0.00135597
           9   -0.881816   -0.889816  0.00153025
          10   -0.889672   -0.889802  0.00137729
          11    -0.88708   -0.889554  0.00127411
          12    -0.88604   -0.889261  0.00120112
          13     -0.8804    -0.88858   0.0012877
          14   -0.886968   -0.888465  0.00120085
          15   -0.895584   -0.888939  0.00121097
          16   -0.887544   -0.888852  0.00113842
          17   -0.891304   -0.888996  0.00108055
          18   -0.884432   -0.888743  0.00104985
          19   -0.888296   -0.888719 0.000994857
          20   -0.893568   -0.888962 0.000974208
           1   -0.864024   -0.864024           0
           2   -0.861784   -0.862904  0.00079196
           3   -0.869728   -0.865179  0.00193084
           4   -0.862888   -0.864606   0.0015307
           5    -0.86596   -0.864877  0.00124829
           6   -0.864544   -0.864821  0.00104147
           7   -0.860912   -0.864263  0.00103162
           8   -0.869056   -0.864862   0.0010625
           9   -0.860344    -0.86436   0.0010564
          10     -0.8602   -0.863944  0.00102941
          11   -0.867152   -0.864236 0.000976267
          12   -0.866024   -0.864385 0.000906215
          13   -0.861472   -0.864161  0.00086376
          14   -0.866432   -0.864323 0.000817157
          15   -0.866616   -0.864476 0.000776849
          16    -0.86192   -0.864316 0.000744537
          17   -0.872048   -0.864771  0.00082809
          18   -0.867088     -0.8649 0.000792028
          19   -0.865968   -0.864956 0.000752336
          20   -0.862712   -0.864844 0.000723036
           1   -0.846528   -0.846528           0
           2   -0.840272     -0.8434  0.00221183
           3   -0.849384   -0.845395  0.00219699
           4   -0.841208   -0.844348  0.00188061
           5     -0.8418   -0.843838  0.00157202
           6    -0.83988   -0.843179  0.00144182
           7   -0.842744   -0.843117  0.00123718
           8   -0.845472   -0.843411  0.00111702
           9    -0.84512   -0.843601  0.00100892
          10    -0.83972   -0.843213 0.000979827
          11   -0.847608   -0.843612 0.000968802
          12   -0.842064   -0.843483  0.00089662
          13   -0.841976   -0.843367 0.000835112
          14   -0.845568   -0.843525 0.000790116
          15   -0.841312   -0.843377 0.000751084
          16   -0.841344    -0.84325 0.000714809
          17   -0.844728   -0.843337 0.000678028
          18   -0.842928   -0.843314  0.00064074
          19   -0.840184   -0.843149  0.00062784
          20   -0.841272   -0.843056 0.000603425
           1   -0.820688   -0.820688           0
           2     -0.8182   -0.819444 0.000879641
           3   -0.824896   -0.821261  0.00159552
           4   -0.816544   -0.820082  0.00157324
           5   -0.821504   -0.820366  0.00128404
           6   -0.820288   -0.820353   0.0010701
           7     -0.8196   -0.820246 0.000922623
           8   -0.824024   -0.820718  0.00092027
           9   -0.824288   -0.821115 0.000899453
          10   -0.817896   -0.820793 0.000865182
          11   -0.826824   -0.821341 0.000944416
          12    -0.82264   -0.821449 0.000871896
          13    -0.81752   -0.821147 0.000855615
          14   -0.824792   -0.821407  0.00083317
          15   -0.819584   -0.821286 0.000786443
          16   -0.818384   -0.821105 0.000757915
          17   -0.821552   -0.821131 0.000713789
          18    -0.82236   -0.821199 0.000677392
          19   -0.818264   -0.821045 0.000659119
          20   -0.819712   -0.820978 0.000629522
           1   -0.799704   -0.799704           0
           2   -0.795896     -0.7978  0.00134633
           3   -0.800464   -0.798688  0.00115382
           4   -0.794024   -0.797522  0.00132986
           5    -0.79732   -0.797482   0.0010645
           6      -0.798   -0.797568 0.000890583
           7   -0.796248   -0.797379 0.000783066
           8   -0.796528   -0.797273 0.000692378
           9   -0.799536   -0.797524 0.000659526
          10   -0.794808   -0.797253 0.000647102
          11   -0.803696   -0.797839 0.000811156
          12    -0.80168   -0.798159  0.00080425
          13   -0.797096   -0.798077 0.000746528
          14   -0.800408   -0.798243 0.000711531
          15    -0.79772   -0.798209  0.00066495
          16   -0.797712   -0.798177 0.000624115
          17   -0.797808   -0.798156  0.00058778
          18    -0.79508   -0.797985 0.000579432
          19   -0.801976   -0.798195 0.000585775
          20   -0.793736   -0.797972 0.000597409
           1   -0.777048   -0.777048           0
           2    -0.77536   -0.776204 0.000596798
           3   -0.778184   -0.776864 0.000669848
           4   -0.776848    -0.77686 0.000502398
           5    -0.77492   -0.776472 0.000531012
           6    -0.77504   -0.776233 0.000493238
           7   -0.775552   -0.776136 0.000432272
           8   -0.774776   -0.775966 0.000410307
           9   -0.777072   -0.776089 0.000382678
          10   -0.774392   -0.775919 0.000380175
          11   -0.781736   -0.776448 0.000611275
          12    -0.77604   -0.776414  0.00056128
          13   -0.778808   -0.776598 0.000547482
          14    -0.77676    -0.77661 0.000508498
          15    -0.77576   -0.776553 0.000477743
          16   -0.776176   -0.776529 0.000448465
          17   -0.775704   -0.776481 0.000424706
          18   -0.773064   -0.776291 0.000441501
          19   -0.777112   -0.776334 0.000420373
          20     -0.7732   -0.776178  0.00042757
           1   -0.754072   -0.754072           0
           2    -0.75448   -0.754276  0.00014425
           3   -0.756712   -0.755088 0.000669933
           4   -0.754616    -0.75497 0.000512737
           5   -0.754752   -0.754926 0.000412039
           6   -0.754072   -0.754784 0.000367149
           7   -0.756216   -0.754989 0.000367296
           8   -0.755264   -0.755023 0.000322994
           9   -0.754008    -0.75491 0.000306162
          10   -0.753272   -0.754746 0.000316353
          11   -0.758112   -0.755052 0.000409651
          12   -0.752456   -0.754836 0.000428862
          13   -0.757568   -0.755046  0.00044439
          14   -0.754672   -0.755019  0.00041345
          15   -0.755232   -0.755034  0.00038613
          16   -0.751568   -0.754817  0.00041836
          17    -0.75468   -0.754809 0.000393828
          18   -0.754824    -0.75481  0.00037195
          19   -0.754848   -0.754812 0.000352379
          20   -0.753976    -0.75477 0.000337229
           1    -0.73512    -0.73512           0
           2   -0.733728   -0.734424 0.000492146
           3   -0.734952     -0.7346 0.000358188
           4   -0.735056   -0.734714 0.000286208
           5   -0.734568   -0.734685 0.000230451
           6   -0.730704   -0.734021 0.000635377
           7   -0.735904    -0.73429 0.000598833
           8    -0.73676   -0.734599 0.000598285
           9    -0.73276   -0.734395 0.000565627
          10   -0.737792   -0.734734 0.000602514
          11   -0.736192   -0.734867 0.000562122
          12   -0.730704    -0.73452 0.000613049
          13   -0.733064   -0.734408 0.000576032
          14   -0.734296     -0.7344 0.000534942
          15   -0.735168   -0.734451 0.000501723
          16    -0.72964   -0.734151 0.000553185
          17    -0.73236   -0.734045 0.000530576
          18   -0.733872   -0.734036 0.000501187
          19   -0.733688   -0.734017 0.000475142
          20   -0.735736   -0.734103 0.000459091
           1   -0.710744   -0.710744           0
           2   -0.712456     -0.7116 0.000605283
           3     -0.7132   -0.712133 0.000593683
           4   -0.714056   -0.712614  0.00060954
           5   -0.714368   -0.712965 0.000579856
           6   -0.709648   -0.712412 0.000698679
           7   -0.714936   -0.712773 0.000685624
           8   -0.715288   -0.713087 0.000668141
           9    -0.71272   -0.713046 0.000595146
          10   -0.712752   -0.713017 0.000536359
          11    -0.71536    -0.71323 0.000528208
          12   -0.711928   -0.713121 0.000495206
          13   -0.711176   -0.712972  0.00047919
          14   -0.713736   -0.713026 0.000448061
          15   -0.712616   -0.712999 0.000419024
          16   -0.709472   -0.712779 0.000447072
          17    -0.70908   -0.712561 0.000470742
          18   -0.711256   -0.712488 0.000450138
          19   -0.712496   -0.712489 0.000426446
          20      -0.714   -0.712564 0.000411763
           1    -0.69232    -0.69232           0
           2   -0.694984   -0.693652 0.000941866
           3   -0.692152   -0.693152 0.000748958
           4   -0.693496   -0.693238 0.000566635
           5   -0.695504   -0.693691 0.000608112
           6   -0.688528   -0.692831 0.000934828
           7   -0.693752   -0.692962 0.000810494
           8   -0.694512   -0.693156 0.000731966
           9    -0.69216   -0.693045 0.000658949
          10   -0.692224   -0.692963 0.000598151
          11    -0.69404   -0.693061 0.000551726
          12    -0.69276   -0.693036 0.000506319
          13   -0.691888   -0.692948  0.00047501
          14   -0.693488   -0.692986 0.000442645
          15   -0.692736    -0.69297  0.00041345
          16   -0.689552   -0.692756 0.000439334
          17    -0.69144   -0.692679 0.000420256
          18   -0.690416   -0.692553 0.000415281
          19   -0.693288   -0.692592 0.000395223
          20   -0.693704   -0.692647 0.000379355
           1   -0.674368   -0.674368           0
           2   -0.675912    -0.67514 0.000545886
           3   -0.672728   -0.674336  0.00075059
           4   -0.673152    -0.67404  0.00061856
           5   -0.677056   -0.674643 0.000732089
           6   -0.669344    -0.67376  0.00101105
           7   -0.673728   -0.673755 0.000866626
           8   -0.673744   -0.673754 0.000758299
           9    -0.67284   -0.673652  0.00068081
          10   -0.673992   -0.673686 0.000613575
          11   -0.675896   -0.673887 0.000589761
          12    -0.67284     -0.6738 0.000547033
          13   -0.671656   -0.673635 0.000529231
          14   -0.673104   -0.673597 0.000492787
          15   -0.674472   -0.673655 0.000463373
          16   -0.667944   -0.673299 0.000555135
          17   -0.670448   -0.673131 0.000547217
          18   -0.669784   -0.672945 0.000547495
          19   -0.672656    -0.67293  0.00051889
          20   -0.672232   -0.672895 0.000494117
           1     -0.6566     -0.6566           0
           2   -0.656632   -0.656616 1.13137e-05
           3   -0.653016   -0.655416 0.000979825
           4   -0.654176   -0.655106 0.000782373
           5   -0.658832   -0.655851 0.000914334
           6     -0.6522   -0.655243  0.00094295
           7   -0.654832   -0.655184 0.000810066
           8   -0.655704   -0.655249  0.00071141
           9   -0.654784   -0.655197 0.000634238
          10   -0.656312   -0.655309 0.000580527
          11    -0.65632   -0.655401 0.000534981
          12   -0.655344   -0.655396  0.00049042
          13   -0.654952   -0.655362 0.000453883
          14   -0.654624   -0.655309 0.000424512
          15    -0.65516   -0.655299 0.000396327
          16   -0.649688   -0.654949 0.000503347
          17   -0.651536   -0.654748 0.000512203
          18   -0.651584   -0.654572 0.000513019
          19     -0.6538   -0.654531 0.000487625
          20   -0.653144   -0.654462 0.000468151
           1   -0.639448   -0.639448           0
           2   -0.637616   -0.638532  0.00064771
           3   -0.635968   -0.637677 0.000820626
           4   -0.636664   -0.637424 0.000653403
           5    -0.64068   -0.638075 0.000782616
           6   -0.634408   -0.637464 0.000858279
           7   -0.637952   -0.637534 0.000738494
           8   -0.637032   -0.637471  0.00064884
           9   -0.636888   -0.637406 0.000579971
          10   -0.638568   -0.637522 0.000533483
          11   -0.637976   -0.637564 0.000486576
          12   -0.638208   -0.637617 0.000448981
          13    -0.63648    -0.63753 0.000422882
          14    -0.63596   -0.637418 0.000407271
          15   -0.638008   -0.637457 0.000382016
          16   -0.631664   -0.637095 0.000501162
          17   -0.633448    -0.63688 0.000515557
          18   -0.634752   -0.636762 0.000500292
          19   -0.636568   -0.636752 0.000474066
          20   -0.636824   -0.636756 0.000450376
           1   -0.620888   -0.620888           0
           2   -0.620864   -0.620876 8.48528e-06
           3   -0.618312   -0.620021 0.000697855
           4   -0.619864   -0.619982 0.000524499
           5   -0.624512   -0.620888 0.000912542
           6   -0.616632   -0.620179  0.00099879
           7   -0.619416    -0.62007 0.000862028
           8   -0.620536   -0.620128 0.000756242
           9   -0.620032   -0.620117  0.00067229
          10   -0.620856   -0.620191 0.000609106
          11   -0.620816   -0.620248 0.000556375
          12   -0.620736   -0.620289 0.000511494
          13   -0.619968   -0.620264 0.000472743
          14   -0.619712   -0.620225 0.000440617
          15   -0.622064   -0.620347 0.000427967
          16   -0.615888   -0.620069 0.000483524
          17   -0.617504   -0.619918 0.000478035
          18   -0.617632   -0.619791 0.000468038
          19   -0.620664   -0.619837 0.000445656
          20   -0.619648   -0.619827 0.000423473
           1   -0.605752   -0.605752           0
           2   -0.604112   -0.604932 0.000579828
           3   -0.601784   -0.603883 0.000939941
           4   -0.602832    -0.60362 0.000740748
           5   -0.607464   -0.604389 0.000907753
           6   -0.601152   -0.603849 0.000902637
           7   -0.603192   -0.603755 0.000778558
           8   -0.602808   -0.603637 0.000690187
           9   -0.603816   -0.603657 0.000613786
          10   -0.603272   -0.603618 0.000553613
          11    -0.60572   -0.603809 0.000535237
          12   -0.604752   -0.603888 0.000496364
          13   -0.602632   -0.603791  0.00046749
          14   -0.604232   -0.603823 0.000435156
          15   -0.604104   -0.603842 0.000406549
          16    -0.60032   -0.603621 0.000436674
          17   -0.599312   -0.603368 0.000478949
          18   -0.601936   -0.603288 0.000458901
          19   -0.603112   -0.603279 0.000434842
          20   -0.601744   -0.603202  0.00041982
           1     -0.5912     -0.5912           0
           2   -0.586936   -0.589068  0.00150755
           3   -0.586336   -0.588157  0.00125019
           4   -0.586712   -0.587796  0.00098848
           5   -0.593032   -0.588843  0.00122582
           6   -0.586136   -0.588392  0.00110143
           7   -0.587832   -0.588312 0.000946985
           8   -0.585392   -0.587947 0.000896197
           9    -0.58924   -0.588091 0.000808053
          10   -0.586576   -0.587939 0.000741308
          11   -0.589432   -0.588075 0.000686226
          12    -0.58864   -0.588122 0.000630654
          13   -0.586264   -0.587979 0.000598118
          14   -0.587984   -0.587979 0.000555395
          15   -0.589984   -0.588113 0.000534205
          16   -0.585168   -0.587929 0.000531583
          17   -0.582752   -0.587624 0.000581031
          18   -0.586968   -0.587588 0.000549895
          19    -0.58772   -0.587595 0.000520997
          20   -0.585376   -0.587484 0.000506623
           1   -0.575776   -0.575776           0
           2   -0.572704    -0.57424  0.00108612
           3   -0.571464   -0.573315  0.00104648
           4   -0.571728   -0.572918 0.000856744
           5   -0.576896   -0.573714 0.000988003
           6   -0.571496   -0.573344 0.000889786
           7   -0.574376   -0.573491 0.000774791
           8   -0.570648   -0.573136 0.000755079
           9   -0.572928   -0.573113 0.000671535
          10   -0.572664   -0.573068  0.00060588
          11   -0.574192    -0.57317  0.00055935
          12   -0.574048   -0.573243 0.000517499
          13   -0.570584   -0.573039 0.000516543
          14    -0.57184   -0.572953 0.000486692
          15   -0.574912   -0.573084 0.000471441
          16   -0.569848   -0.572882 0.000483409
          17    -0.56848   -0.572623 0.000519705
          18   -0.573392   -0.572665 0.000492587
          19   -0.573016   -0.572684 0.000467007
          20   -0.569968   -0.572548 0.000462977
           1   -0.561072   -0.561072           0
           2    -0.55908   -0.560076 0.000704278
           3    -0.55512   -0.558424  0.00142823
           4   -0.558984   -0.558564  0.00107801
           5   -0.561416   -0.559134  0.00100202
           6   -0.556512   -0.558697  0.00092544
           7   -0.561648   -0.559119 0.000884036
           8   -0.555424   -0.558657 0.000886002
           9   -0.558032   -0.558588 0.000790274
          10   -0.557328   -0.558462 0.000721214
          11   -0.558992    -0.55851 0.000657259
          12    -0.55964   -0.558604 0.000609198
          13   -0.555536   -0.558368 0.000606328
          14   -0.557968   -0.558339 0.000563692
          15   -0.562784   -0.558636 0.000598947
          16   -0.555744   -0.558455  0.00058815
          17   -0.553184   -0.558145 0.000630001
          18   -0.558936   -0.558189 0.000596532
          19    -0.55888   -0.558225 0.000566244
          20   -0.555448   -0.558086 0.000554697
           1   -0.546544   -0.546544           0
           2     -0.5458   -0.546172 0.000263044
           3   -0.541072   -0.544472  0.00139908
           4   -0.544896   -0.544578  0.00105332
           5   -0.547552   -0.545173 0.000996541
           6   -0.542568   -0.544739 0.000920167
           7   -0.547168   -0.545086  0.00085165
           8   -0.542184   -0.544723 0.000818798
           9   -0.543312   -0.544566 0.000742678
          10     -0.5428    -0.54439 0.000689092
          11   -0.546144   -0.544549  0.00064464
          12   -0.545696   -0.544645 0.000597964
          13    -0.54108    -0.54437 0.000611614
          14   -0.543536   -0.544311 0.000570824
          15   -0.548064   -0.544561 0.000585042
          16   -0.542112   -0.544408 0.000568148
          17   -0.539512    -0.54412 0.000603323
          18   -0.546392   -0.544246 0.000582859
          19   -0.545344   -0.544304 0.000555038
          20   -0.543608   -0.544269 0.000528376
           1    -0.53276    -0.53276           0
           2   -0.534248   -0.533504 0.000526087
           3   -0.527696   -0.531568  0.00161918
           4   -0.531984   -0.531672  0.00121772
           5   -0.533776   -0.532093  0.00104435
           6   -0.529192   -0.531609 0.000975806
           7   -0.532704   -0.531766 0.000848843
           8   -0.527896   -0.531282 0.000869708
           9    -0.53072    -0.53122 0.000775312
          10   -0.530872   -0.531185 0.000698559
          11   -0.533144   -0.531363 0.000657368
          12   -0.533416   -0.531534 0.000624455
          13    -0.52808   -0.531268 0.000630414
          14   -0.531088   -0.531255 0.000585516
          15   -0.534544   -0.531475 0.000586092
          16   -0.528296   -0.531276 0.000582159
          17   -0.526248    -0.53098 0.000618499
          18   -0.532296   -0.531053 0.000588442
          19   -0.532656   -0.531138 0.000563484
          20   -0.529216   -0.531042  0.00054344
           1    -0.51972    -0.51972           0
           2   -0.520744   -0.520232 0.000362039
           3    -0.51444   -0.518301  0.00159475
           4   -0.518752   -0.518414  0.00120004
           5    -0.52164   -0.519059  0.00112013
           6    -0.51656   -0.518643  0.00100791
           7   -0.520176   -0.518862  0.00088741
           8   -0.516304   -0.518542 0.000832086
           9   -0.516712   -0.518339 0.000764072
          10   -0.517584   -0.518263 0.000691382
          11   -0.520152   -0.518435 0.000649502
          12   -0.520408   -0.518599 0.000615837
          13   -0.517104   -0.518484 0.000579108
          14      -0.518    -0.51845 0.000538775
          15   -0.521528   -0.518655  0.00054053
          16   -0.515232   -0.518441 0.000547448
          17    -0.51376   -0.518166 0.000580376
          18   -0.520472   -0.518294 0.000562099
          19   -0.519208   -0.518342  0.00053457
          20   -0.517248   -0.518287 0.000510632
           1   -0.506872   -0.506872           0
           2   -0.507368    -0.50712 0.000175362
           3   -0.501984   -0.505408  0.00140272
           4   -0.506112   -0.505584  0.00106303
           5   -0.508632   -0.506194   0.0010102
           6   -0.504816   -0.505964 0.000867533
           7   -0.507528   -0.506187 0.000771835
           8     -0.5052   -0.506064 0.000685154
           9    -0.50396    -0.50583 0.000647682
          10   -0.504632    -0.50571 0.000593894
          11   -0.508456    -0.50596 0.000590028
          12   -0.507752   -0.506109 0.000559437
          13   -0.504032    -0.50595 0.000538742
          14   -0.507024   -0.506026 0.000505697
          15   -0.509096   -0.506231  0.00051172
          16   -0.503624   -0.506068 0.000505011
          17   -0.501536   -0.505801 0.000541113
          18   -0.508848   -0.505971  0.00053687
          19   -0.507112   -0.506031 0.000511963
          20   -0.505208    -0.50599 0.000488015
           1   -0.494208   -0.494208           0
           2   -0.495664   -0.494936 0.000514774
           3   -0.491824   -0.493899 0.000913864
           4   -0.493792   -0.493872 0.000685787
           5   -0.495992   -0.494296 0.000666945
           6   -0.493176   -0.494109 0.000581323
           7   -0.496384   -0.494434 0.000582056
           8   -0.493424   -0.494308 0.000522819
           9   -0.491992   -0.494051 0.000524247
          10    -0.49344    -0.49399 0.000475366
          11   -0.497024   -0.494265 0.000505897
          12   -0.497248   -0.494514  0.00052123
          13   -0.492768    -0.49438 0.000498139
          14   -0.495176   -0.494437 0.000465794
          15   -0.497104   -0.494614 0.000467455
          16    -0.49196   -0.494448 0.000466751
          17   -0.490088   -0.494192 0.000504878
          18   -0.498144   -0.494412 0.000522392
          19   -0.496056   -0.494498 0.000502016
          20   -0.492896   -0.494418 0.000483264
           1   -0.482944   -0.482944           0
           2   -0.483328   -0.483136 0.000135765
           3   -0.480688    -0.48232 0.000672381
           4   -0.482048   -0.482252 0.000507713
           5   -0.484648   -0.482731 0.000590491
           6    -0.48208   -0.482623 0.000501951
           7   -0.486064   -0.483114 0.000626316
           8    -0.48184   -0.482955 0.000567921
           9    -0.48116   -0.482756 0.000538702
          10   -0.483056   -0.482786 0.000485669
          11   -0.485048   -0.482991 0.000483108
          12   -0.485336   -0.483187 0.000480741
          13   -0.481128   -0.483028 0.000469119
          14   -0.484976   -0.483167 0.000455773
          15   -0.486248   -0.483373 0.000469383
          16   -0.482456   -0.483315  0.00044353
          17   -0.478312   -0.483021 0.000505754
          18   -0.486568   -0.483218 0.000514612
          19   -0.484864   -0.483305 0.000494764
          20   -0.482496   -0.483264 0.000471675
           1   -0.472056   -0.472056           0
           2   -0.473528   -0.472792 0.000520431
           3   -0.469064   -0.471549  0.00107231
           4    -0.47124   -0.471472 0.000807019
           5   -0.473832   -0.471944 0.000771393
           6   -0.470976   -0.471783 0.000659482
           7   -0.475248   -0.472278 0.000727731
           8   -0.470976   -0.472115 0.000654703
           9   -0.470032   -0.471884 0.000621522
          10   -0.472456   -0.471941    0.000562
          11    -0.47312   -0.472048 0.000521033
          12    -0.47492   -0.472287 0.000529737
          13   -0.470632    -0.47216  0.00050406
          14   -0.473416    -0.47225 0.000475972
          15    -0.47548   -0.472465 0.000490545
          16     -0.4714   -0.472398 0.000464381
          17   -0.466936   -0.472077 0.000536843
          18   -0.474696   -0.472223 0.000526364
          19    -0.47408    -0.47232 0.000507657
          20    -0.47108   -0.472258 0.000486048
           1   -0.462664   -0.462664           0
           2    -0.46356   -0.463112 0.000316784
           3   -0.458664   -0.461629  0.00122888
           4   -0.460216   -0.461276 0.000971125
           5   -0.463024   -0.461626 0.000837466
           6   -0.460936   -0.461511 0.000705731
           7   -0.465224   -0.462041 0.000779181
           8   -0.461048   -0.461917 0.000691602
           9   -0.459008   -0.461594 0.000686143
          10    -0.46288   -0.461722 0.000629468
          11    -0.46256   -0.461799 0.000576831
          12     -0.4644   -0.462015  0.00056804
          13   -0.460544   -0.461902 0.000535501
          14   -0.463016   -0.461982 0.000503127
          15    -0.46496    -0.46218 0.000507252
          16   -0.461568   -0.462142  0.00047699
          17   -0.456936   -0.461836 0.000538334
          18   -0.464784      -0.462 0.000532761
          19   -0.462568   -0.462029 0.000505561
          20   -0.460928   -0.461974 0.000483273
